GradientMap:,pyramid.png
GradientMap Scale:,10*10
LMap TotalSize:,100
LMap FieldSize:,5
LMap Resolution:,20*20
Mode:,0
Gradient Speed:,0.15000000596046
Explore Speed:,2.5
Target Epsilon:,0.050000000745058
Width Factor:,2
Step Factor:,0.5
CP EpsilonRatio:,0.5
IMU Noise:,0


Time steps,Height
50,0.058823529630899
100,0.058823529630899
150,0.058823529630899
200,0.058823529630899
250,0.058823529630899
300,0.058823529630899
350,0.058823529630899
400,0.058823529630899
450,0.058823529630899
500,0.058823529630899
550,0.058823529630899
600,0.058823529630899
650,0.058823529630899
700,0.058823529630899
750,0.058823529630899
800,0.058823529630899
850,0.058823529630899
900,0.058823529630899
950,0.058823529630899
1000,0.058823529630899
1050,0.058823529630899
1100,0.058823529630899
1149,0.058823529630899
1199,0.058823529630899
1249,0.058823529630899
1299,0.058823529630899
1349,0.058823529630899
1399,0.058823529630899
1449,0.058823529630899
1499,0.058823529630899
1549,0.058823529630899
1599,0.058823529630899
1649,0.058823529630899
1699,0.062745101749897
1749,0.062745101749897
1799,0.062745101749897
1849,0.062745101749897
1899,0.062745101749897
1949,0.062745101749897
1999,0.062745101749897
2049,0.062745101749897
2099,0.062745101749897
2149,0.062745101749897
2199,0.062745101749897
2249,0.062745101749897
2299,0.062745101749897
2349,0.062745101749897
2399,0.066666670143604
2449,0.066666670143604
2499,0.066666670143604
2549,0.066666670143604
2599,0.066666670143604
2649,0.066666670143604
2699,0.070588238537312
2749,0.070588238537312
2799,0.070588238537312
2849,0.070588238537312
2899,0.070588238537312
2949,0.070588238537312
2999,0.070588238537312
3049,0.074509806931019
3099,0.074509806931019
3149,0.074509806931019
3199,0.074509806931019
3249,0.074509806931019
3299,0.074509806931019
3349,0.078431375324726
3399,0.078431375324726
3449,0.078431375324726
3499,0.078431375324726
3549,0.078431375324726
3599,0.078431375324726
3649,0.078431375324726
3699,0.082352943718433
3749,0.082352943718433
3799,0.082352943718433
3849,0.082352943718433
3899,0.082352943718433
3949,0.082352943718433
3999,0.082352943718433
4049,0.082352943718433
4099,0.082352943718433
4149,0.082352943718433
4199,0.082352943718433
4249,0.086274512112141
4299,0.086274512112141
4349,0.086274512112141
4399,0.086274512112141
4449,0.086274512112141
4499,0.086274512112141
4549,0.086274512112141
4599,0.086274512112141
4649,0.086274512112141
4699,0.086274512112141
4750,0.086274512112141
4800,0.086274512112141
4850,0.086274512112141
4900,0.086274512112141
4950,0.086274512112141
5000,0.086274512112141
5050,0.086274512112141
5100,0.086274512112141
5150,0.086274512112141
5200,0.086274512112141
5250,0.086274512112141
5300,0.086274512112141
5350,0.086274512112141
5400,0.086274512112141
5450,0.082352943718433
5500,0.082352943718433
5550,0.082352943718433
5600,0.082352943718433
5650,0.082352943718433
5700,0.082352943718433
5750,0.082352943718433
5800,0.082352943718433
5850,0.082352943718433
5900,0.078431375324726
5950,0.078431375324726
6000,0.078431375324726
6050,0.078431375324726
6100,0.078431375324726
6150,0.078431375324726
6200,0.078431375324726
6250,0.078431375324726
6300,0.074509806931019
6350,0.074509806931019
6400,0.074509806931019
6450,0.074509806931019
6500,0.074509806931019
6550,0.074509806931019
6600,0.074509806931019
6650,0.074509806931019
6700,0.074509806931019
6750,0.074509806931019
6800,0.070588238537312
6850,0.070588238537312
6900,0.070588238537312
6950,0.070588238537312
7000,0.070588238537312
7050,0.070588238537312
7100,0.070588238537312
7150,0.070588238537312
7200,0.066666670143604
7250,0.066666670143604
7300,0.066666670143604
7350,0.066666670143604
7400,0.066666670143604
7450,0.066666670143604
7500,0.066666670143604
7550,0.066666670143604
7600,0.066666670143604
7650,0.066666670143604
7700,0.066666670143604
7750,0.066666670143604
7800,0.066666670143604
7850,0.066666670143604
7900,0.066666670143604
7950,0.066666670143604
8000,0.066666670143604
8050,0.066666670143604
8100,0.066666670143604
8150,0.066666670143604
8200,0.066666670143604
8250,0.066666670143604
8300,0.066666670143604
8350,0.066666670143604
8400,0.066666670143604
8450,0.066666670143604
8500,0.070588238537312
8550,0.070588238537312
8600,0.070588238537312
8650,0.070588238537312
8700,0.070588238537312
8750,0.070588238537312
8800,0.070588238537312
8850,0.070588238537312
8900,0.070588238537312
8950,0.070588238537312
9000,0.070588238537312
9050,0.070588238537312
9100,0.070588238537312
9150,0.070588238537312
9200,0.070588238537312
9250,0.074509806931019
9300,0.074509806931019
9350,0.074509806931019
9400,0.074509806931019
9450,0.074509806931019
9500,0.074509806931019
9550,0.074509806931019
9600,0.074509806931019
9650,0.074509806931019
9700,0.074509806931019
9750,0.074509806931019
9800,0.074509806931019
9850,0.074509806931019
9900,0.074509806931019
9950,0.074509806931019
10000,0.074509806931019
10050,0.078431375324726
10100,0.078431375324726
10150,0.078431375324726
10200,0.078431375324726
10250,0.078431375324726
10300,0.078431375324726
10350,0.082352943718433
10400,0.082352943718433
10450,0.082352943718433
10500,0.082352943718433
10550,0.082352943718433
10600,0.086274512112141
10650,0.086274512112141
10700,0.086274512112141
10750,0.086274512112141
10800,0.090196080505848
10850,0.090196080505848
10900,0.090196080505848
10950,0.090196080505848
11000,0.094117648899555
11050,0.094117648899555
11100,0.094117648899555
11150,0.094117648899555
11200,0.098039217293262
11250,0.098039217293262
11300,0.098039217293262
11350,0.098039217293262
11400,0.10196078568697
11450,0.10196078568697
11500,0.10196078568697
11550,0.10196078568697
11600,0.10196078568697
11650,0.10588235408068
11700,0.10588235408068
11750,0.10588235408068
11800,0.10588235408068
11850,0.10980392247438
11900,0.10980392247438
11950,0.10980392247438
12000,0.10980392247438
12050,0.10980392247438
12100,0.11372549086809
12150,0.11372549086809
12200,0.11372549086809
12250,0.11372549086809
12300,0.11372549086809
12350,0.1176470592618
12400,0.1176470592618
12450,0.1176470592618
12500,0.1176470592618
12550,0.1176470592618
12600,0.1176470592618
12650,0.12156862765551
12700,0.12156862765551
12750,0.12156862765551
12800,0.12156862765551
12850,0.12156862765551
12900,0.12156862765551
12950,0.12156862765551
13000,0.12156862765551
13050,0.12156862765551
13100,0.12549020349979
13150,0.12549020349979
13200,0.12549020349979
13250,0.12549020349979
13300,0.12549020349979
13350,0.12549020349979
13400,0.12549020349979
13450,0.12549020349979
13500,0.12549020349979
13550,0.12549020349979
13600,0.12549020349979
13650,0.12549020349979
13700,0.12549020349979
13750,0.12549020349979
13800,0.12549020349979
13850,0.12549020349979
13900,0.12549020349979
13950,0.12549020349979
14000,0.12549020349979
14050,0.12549020349979
14100,0.12549020349979
14150,0.12549020349979
14200,0.12549020349979
14250,0.12549020349979
14300,0.12549020349979
14350,0.12549020349979
14400,0.12549020349979
14450,0.12549020349979
14500,0.12549020349979
14550,0.12549020349979
14600,0.12549020349979
14650,0.12549020349979
14700,0.12549020349979
14750,0.12549020349979
14800,0.12549020349979
14850,0.12549020349979
14900,0.12549020349979
14950,0.12549020349979
15000,0.12549020349979
15050,0.12549020349979
15100,0.12549020349979
15150,0.12549020349979
15200,0.12156862765551
15250,0.12156862765551
15300,0.12156862765551
15350,0.12156862765551
15400,0.12156862765551
15450,0.12156862765551
15500,0.12156862765551
15550,0.1176470592618
15600,0.1176470592618
15650,0.1176470592618
15700,0.1176470592618
15750,0.1176470592618
15800,0.11372549086809
15850,0.11372549086809
15900,0.11372549086809
15950,0.11372549086809
16000,0.10980392247438
16050,0.10980392247438
16100,0.10980392247438
16150,0.10980392247438
16200,0.10980392247438
16250,0.10588235408068
16300,0.10588235408068
16350,0.10588235408068
16400,0.10588235408068
16450,0.10588235408068
16500,0.10196078568697
16550,0.10196078568697
16600,0.10196078568697
16650,0.10196078568697
16700,0.10196078568697
16750,0.10196078568697
16800,0.098039217293262
16850,0.098039217293262
16900,0.098039217293262
16950,0.098039217293262
17000,0.098039217293262
17050,0.098039217293262
17100,0.098039217293262
17150,0.094117648899555
17200,0.094117648899555
17250,0.094117648899555
17300,0.094117648899555
17350,0.094117648899555
17400,0.094117648899555
17450,0.094117648899555
17500,0.094117648899555
17550,0.094117648899555
17600,0.094117648899555
17650,0.094117648899555
17700,0.094117648899555
17750,0.094117648899555
17800,0.094117648899555
17850,0.090196080505848
17900,0.090196080505848
17950,0.090196080505848
18000,0.090196080505848
18050,0.090196080505848
18100,0.090196080505848
18150,0.090196080505848
18200,0.090196080505848
18250,0.094117648899555
18300,0.094117648899555
18350,0.094117648899555
18400,0.094117648899555
18450,0.094117648899555
18500,0.094117648899555
18550,0.094117648899555
18600,0.094117648899555
18650,0.098039217293262
18700,0.098039217293262
18750,0.098039217293262
18799,0.098039217293262
18849,0.098039217293262
18899,0.098039217293262
18949,0.098039217293262
18999,0.098039217293262
19049,0.10196078568697
19099,0.10196078568697
19149,0.10196078568697
19199,0.10196078568697
19249,0.10196078568697
19299,0.10196078568697
19349,0.10588235408068
19399,0.10588235408068
19449,0.10588235408068
19499,0.10588235408068
19549,0.10588235408068
19599,0.10588235408068
19649,0.10980392247438
19699,0.10980392247438
19749,0.10980392247438
19799,0.10980392247438
19849,0.10980392247438
19899,0.11372549086809
19949,0.11372549086809
19999,0.11372549086809
20049,0.11372549086809
20099,0.11372549086809
20149,0.1176470592618
20199,0.1176470592618
20249,0.1176470592618
20299,0.1176470592618
20349,0.1176470592618
20399,0.1176470592618
20449,0.1176470592618
20499,0.12156862765551
20549,0.12156862765551
20599,0.12156862765551
20649,0.12156862765551
20699,0.12156862765551
20749,0.12549020349979
20799,0.12549020349979
20849,0.12549020349979
20899,0.12549020349979
20949,0.12549020349979
20999,0.12549020349979
21049,0.1294117718935
21099,0.1294117718935
21149,0.1294117718935
21199,0.1294117718935
21249,0.1294117718935
21299,0.1294117718935
21349,0.1294117718935
21399,0.13333334028721
21449,0.13333334028721
21499,0.13333334028721
21549,0.13333334028721
21599,0.13333334028721
21649,0.13333334028721
21699,0.13333334028721
21749,0.13725490868092
21799,0.13725490868092
21849,0.13725490868092
21899,0.13725490868092
21949,0.13725490868092
21999,0.13725490868092
22049,0.13725490868092
22099,0.13725490868092
22149,0.14117647707462
22199,0.14117647707462
22249,0.14117647707462
22299,0.14117647707462
22349,0.14117647707462
22399,0.14117647707462
22449,0.14117647707462
22499,0.14117647707462
22549,0.14509804546833
22599,0.14509804546833
22649,0.14509804546833
22699,0.14509804546833
22749,0.14509804546833
22799,0.14509804546833
22849,0.14509804546833
22899,0.14509804546833
22949,0.14509804546833
22999,0.14509804546833
23049,0.14901961386204
23099,0.14901961386204
23149,0.14901961386204
23199,0.14901961386204
23249,0.14901961386204
23299,0.14901961386204
23349,0.14901961386204
23399,0.14901961386204
23449,0.14901961386204
23499,0.14901961386204
23549,0.14901961386204
23599,0.15294118225574
23649,0.15294118225574
23699,0.15294118225574
23749,0.15294118225574
23799,0.15294118225574
23849,0.15294118225574
23899,0.15294118225574
23949,0.15294118225574
23999,0.15294118225574
24049,0.15294118225574
24099,0.15294118225574
24149,0.15294118225574
24199,0.15294118225574
24249,0.15294118225574
24299,0.15294118225574
24349,0.15294118225574
24399,0.15294118225574
24449,0.15294118225574
24499,0.15294118225574
24549,0.15294118225574
24599,0.15294118225574
24649,0.15294118225574
24699,0.15294118225574
24749,0.15294118225574
24799,0.15294118225574
24849,0.15294118225574
24899,0.15294118225574
24949,0.15294118225574
24999,0.15294118225574
25049,0.15294118225574
25099,0.15294118225574
25149,0.15686275064945
25199,0.15686275064945
25249,0.15686275064945
25299,0.15686275064945
25349,0.15686275064945
25399,0.15686275064945
25449,0.15686275064945
25499,0.15686275064945
25549,0.15686275064945
25599,0.15686275064945
25649,0.15686275064945
25699,0.15686275064945
25749,0.15686275064945
25799,0.15686275064945
25849,0.15686275064945
25899,0.15294118225574
25949,0.15294118225574
25999,0.15294118225574
26049,0.15294118225574
26099,0.15294118225574
26149,0.15294118225574
26199,0.15294118225574
26249,0.14901961386204
26299,0.14901961386204
26349,0.14901961386204
26399,0.14901961386204
26449,0.14901961386204
26499,0.14901961386204
26549,0.14509804546833
26599,0.14509804546833
26649,0.14509804546833
26699,0.14509804546833
26749,0.14509804546833
26799,0.14509804546833
26849,0.14117647707462
26899,0.14117647707462
26949,0.14117647707462
26999,0.14117647707462
27049,0.14117647707462
27099,0.14117647707462
27149,0.14117647707462
27199,0.14117647707462
27249,0.13725490868092
27299,0.13725490868092
27349,0.13725490868092
27399,0.13725490868092
27449,0.13725490868092
27499,0.13725490868092
27549,0.13725490868092
27599,0.13725490868092
27649,0.13333334028721
27699,0.13333334028721
27749,0.13333334028721
27799,0.13333334028721
27849,0.13333334028721
27899,0.13333334028721
27949,0.13333334028721
27999,0.13333334028721
28049,0.13333334028721
28099,0.13333334028721
28149,0.13333334028721
28199,0.13333334028721
28249,0.13333334028721
28299,0.13333334028721
28349,0.13333334028721
28399,0.13333334028721
28449,0.13333334028721
28499,0.13333334028721
28549,0.13333334028721
28599,0.13333334028721
28649,0.13333334028721
28699,0.13333334028721
28749,0.13333334028721
28799,0.1294117718935
28849,0.1294117718935
28899,0.1294117718935
28949,0.1294117718935
28999,0.1294117718935
29049,0.1294117718935
29099,0.1294117718935
29149,0.1294117718935
29199,0.1294117718935
29249,0.1294117718935
29299,0.1294117718935
29349,0.1294117718935
29399,0.1294117718935
29449,0.1294117718935
29499,0.1294117718935
29549,0.1294117718935
29599,0.1294117718935
29649,0.1294117718935
29699,0.1294117718935
29749,0.1294117718935
29799,0.1294117718935
29849,0.13333334028721
29899,0.13333334028721
29949,0.13333334028721
29999,0.13333334028721
30049,0.13333334028721
30099,0.13333334028721
30149,0.13333334028721
30199,0.13333334028721
30249,0.13333334028721
30299,0.13333334028721
30349,0.13333334028721
30399,0.13333334028721
30449,0.13333334028721
30499,0.13333334028721
30549,0.13333334028721
30599,0.13333334028721
30649,0.13333334028721
30699,0.13333334028721
30749,0.13333334028721
30799,0.13333334028721
30849,0.13333334028721
30899,0.13725490868092
30949,0.13725490868092
30999,0.13725490868092
31049,0.13725490868092
31099,0.13725490868092
31149,0.13725490868092
31199,0.13725490868092
31249,0.14117647707462
31299,0.14117647707462
31349,0.14117647707462
31399,0.14117647707462
31449,0.14509804546833
31499,0.14509804546833
31549,0.14509804546833
31599,0.14509804546833
31649,0.14901961386204
31699,0.14901961386204
31749,0.14901961386204
31799,0.14901961386204
31849,0.15294118225574
31899,0.15294118225574
31949,0.15294118225574
31999,0.15294118225574
32049,0.15686275064945
32099,0.15686275064945
32149,0.15686275064945
32199,0.15686275064945
32249,0.16078431904316
32299,0.16078431904316
32349,0.16078431904316
32399,0.16078431904316
32449,0.16470588743687
32499,0.16470588743687
32549,0.16470588743687
32599,0.16470588743687
32649,0.16862745583057
32699,0.16862745583057
32749,0.16862745583057
32799,0.17254902422428
32849,0.17254902422428
32899,0.17254902422428
32949,0.17254902422428
32999,0.17647059261799
33049,0.17647059261799
33099,0.17647059261799
33149,0.17647059261799
33199,0.1803921610117
33249,0.1803921610117
33299,0.1803921610117
33349,0.1843137294054
33399,0.1843137294054
33449,0.1843137294054
33499,0.18823529779911
33549,0.18823529779911
33599,0.18823529779911
33649,0.19215686619282
33699,0.19215686619282
33749,0.19215686619282
33799,0.19607843458652
33849,0.19607843458652
33899,0.19607843458652
33949,0.20000000298023
33999,0.20000000298023
34049,0.20000000298023
34099,0.20392157137394
34149,0.20392157137394
34199,0.20392157137394
34249,0.20784313976765
34299,0.20784313976765
34349,0.20784313976765
34399,0.21176470816135
34449,0.21176470816135
34499,0.21176470816135
34549,0.21568627655506
34599,0.21568627655506
34649,0.21568627655506
34699,0.21568627655506
34749,0.21960784494877
34799,0.21960784494877
34849,0.21960784494877
34899,0.21960784494877
34949,0.22352941334248
34999,0.22352941334248
35049,0.22352941334248
35099,0.22352941334248
35149,0.22352941334248
35199,0.22745098173618
35249,0.22745098173618
35299,0.22745098173618
35349,0.22745098173618
35399,0.22745098173618
35449,0.22745098173618
35499,0.23137255012989
35549,0.23137255012989
35599,0.23137255012989
35649,0.23137255012989
35699,0.23137255012989
35749,0.23137255012989
35799,0.23137255012989
35849,0.23137255012989
35899,0.2352941185236
35949,0.2352941185236
35999,0.2352941185236
36049,0.2352941185236
36099,0.2352941185236
36149,0.2352941185236
36199,0.2352941185236
36249,0.2392156869173
36299,0.2392156869173
36349,0.2392156869173
36399,0.2392156869173
36449,0.2392156869173
36499,0.2392156869173
36549,0.2392156869173
36599,0.2392156869173
36649,0.2392156869173
36699,0.2392156869173
36749,0.24313725531101
36799,0.24313725531101
36849,0.24313725531101
36899,0.24313725531101
36949,0.24313725531101
36999,0.24313725531101
37049,0.24313725531101
37099,0.24313725531101
37149,0.24313725531101
37199,0.24313725531101
37249,0.24313725531101
37299,0.24313725531101
37349,0.24313725531101
37399,0.24313725531101
37449,0.24313725531101
37499,0.24313725531101
37549,0.24313725531101
37599,0.24313725531101
37649,0.24313725531101
37699,0.24313725531101
37749,0.24313725531101
37799,0.24313725531101
37849,0.24313725531101
37899,0.24313725531101
37949,0.24313725531101
37999,0.24313725531101
38049,0.24313725531101
38099,0.24313725531101
38149,0.24313725531101
38199,0.24313725531101
38249,0.24313725531101
38299,0.24313725531101
38349,0.24313725531101
38399,0.2392156869173
38449,0.2392156869173
38499,0.2392156869173
38549,0.2392156869173
38599,0.2392156869173
38649,0.2392156869173
38699,0.2352941185236
38749,0.2352941185236
38799,0.2352941185236
38849,0.2352941185236
38899,0.2352941185236
38949,0.23137255012989
38999,0.23137255012989
39049,0.23137255012989
39099,0.23137255012989
39149,0.22745098173618
39199,0.22745098173618
39249,0.22745098173618
39299,0.22745098173618
39349,0.22745098173618
39399,0.22352941334248
39449,0.22352941334248
39499,0.22352941334248
39549,0.22352941334248
39599,0.22352941334248
39649,0.22352941334248
39699,0.21960784494877
39749,0.21960784494877
39799,0.21960784494877
39849,0.21960784494877
39899,0.21960784494877
39949,0.21568627655506
39999,0.21568627655506
40049,0.21568627655506
40099,0.21568627655506
40149,0.21568627655506
40199,0.21568627655506
40249,0.21568627655506
40299,0.21176470816135
40349,0.21176470816135
40399,0.21176470816135
40449,0.21176470816135
40499,0.21176470816135
40549,0.21176470816135
40599,0.21176470816135
40649,0.21176470816135
40699,0.21176470816135
40749,0.21176470816135
40799,0.21176470816135
40849,0.21176470816135
40899,0.21176470816135
40949,0.21176470816135
40999,0.21176470816135
41049,0.21176470816135
41099,0.20784313976765
41149,0.20784313976765
41199,0.20784313976765
41249,0.20784313976765
41299,0.20784313976765
41349,0.20784313976765
41399,0.20784313976765
41449,0.20784313976765
41499,0.20784313976765
41549,0.20784313976765
41599,0.20784313976765
41649,0.20784313976765
41699,0.20784313976765
41749,0.20784313976765
41799,0.20784313976765
41849,0.20784313976765
41899,0.20784313976765
41949,0.20784313976765
41999,0.20784313976765
42049,0.20784313976765
42099,0.20784313976765
42149,0.20784313976765
42199,0.20784313976765
42249,0.20784313976765
42299,0.20784313976765
42349,0.20784313976765
42399,0.20784313976765
42449,0.20784313976765
42499,0.20784313976765
42549,0.20784313976765
42599,0.21176470816135
42649,0.21176470816135
42699,0.21176470816135
42749,0.21176470816135
42799,0.21176470816135
42849,0.21176470816135
42899,0.21176470816135
42949,0.21176470816135
42999,0.21568627655506
43049,0.21568627655506
43099,0.21568627655506
43149,0.21568627655506
43199,0.21568627655506
43249,0.21568627655506
43299,0.21568627655506
43349,0.21568627655506
43399,0.21568627655506
43449,0.21960784494877
43499,0.21960784494877
43549,0.21960784494877
43599,0.21960784494877
43649,0.21960784494877
43699,0.21960784494877
43749,0.21960784494877
43799,0.21960784494877
43849,0.21960784494877
43899,0.21960784494877
43949,0.21960784494877
43999,0.21960784494877
44049,0.21960784494877
44099,0.21960784494877
44149,0.22352941334248
44199,0.22352941334248
44249,0.22352941334248
44299,0.22352941334248
44349,0.22352941334248
44399,0.22352941334248
44449,0.22352941334248
44499,0.22352941334248
44549,0.22352941334248
44599,0.22352941334248
44649,0.22352941334248
44699,0.22352941334248
44749,0.22352941334248
44799,0.22352941334248
44849,0.22745098173618
44899,0.22745098173618
44949,0.22745098173618
44999,0.22745098173618
45049,0.22745098173618
45099,0.22745098173618
45149,0.22745098173618
45199,0.22745098173618
45249,0.22745098173618
45299,0.23137255012989
45349,0.23137255012989
45399,0.23137255012989
45449,0.23137255012989
45499,0.23137255012989
45549,0.23137255012989
45599,0.23137255012989
45649,0.23137255012989
45699,0.23137255012989
45749,0.23137255012989
45799,0.23137255012989
45849,0.23137255012989
45899,0.23137255012989
45949,0.23137255012989
45999,0.23137255012989
46049,0.2352941185236
46099,0.2352941185236
46149,0.23137255012989
46199,0.23137255012989
46249,0.23137255012989
46299,0.23137255012989
46349,0.2352941185236
46399,0.2352941185236
46449,0.2352941185236
46499,0.2352941185236
46549,0.2352941185236
46599,0.2352941185236
46649,0.2352941185236
46699,0.2352941185236
46749,0.2352941185236
46799,0.2352941185236
46849,0.2352941185236
46899,0.2352941185236
46949,0.2392156869173
46999,0.2392156869173
47049,0.2392156869173
47099,0.2392156869173
47149,0.2392156869173
47199,0.2392156869173
47249,0.24313725531101
47299,0.24313725531101
47349,0.24313725531101
47399,0.24313725531101
47449,0.24705882370472
47499,0.24705882370472
47549,0.24705882370472
47599,0.24705882370472
47649,0.24705882370472
47699,0.25098040699959
47749,0.25098040699959
47799,0.25098040699959
47849,0.25098040699959
47899,0.25098040699959
47949,0.25098040699959
47999,0.25098040699959
48049,0.2549019753933
48099,0.2549019753933
48149,0.2549019753933
48199,0.2549019753933
48249,0.2549019753933
48299,0.2549019753933
48349,0.258823543787
48399,0.258823543787
48449,0.258823543787
48499,0.258823543787
48549,0.258823543787
48599,0.258823543787
48649,0.26274511218071
48699,0.26274511218071
48749,0.26274511218071
48799,0.26274511218071
48849,0.26274511218071
48899,0.26274511218071
48949,0.26274511218071
48999,0.26274511218071
49049,0.26666668057442
49099,0.26666668057442
49149,0.26666668057442
49199,0.26666668057442
49249,0.26666668057442
49299,0.26666668057442
49349,0.26666668057442
49399,0.26666668057442
49449,0.26666668057442
49499,0.26666668057442
49549,0.26666668057442
49599,0.26666668057442
49649,0.26666668057442
49699,0.26666668057442
49749,0.27058824896812
49799,0.27058824896812
49849,0.27058824896812
49899,0.27058824896812
49949,0.27058824896812
49999,0.27058824896812
50049,0.27058824896812
50099,0.27058824896812
50149,0.27450981736183
50199,0.27450981736183
50249,0.27450981736183
50299,0.27450981736183
50349,0.27450981736183
50399,0.27450981736183
50449,0.27450981736183
50499,0.27450981736183
50549,0.27450981736183
50599,0.27843138575554
50649,0.27843138575554
50699,0.27843138575554
50749,0.27843138575554
50799,0.27843138575554
50849,0.27843138575554
50899,0.27843138575554
50949,0.28235295414925
50999,0.28235295414925
51049,0.28235295414925
51099,0.28235295414925
51149,0.28235295414925
51199,0.28235295414925
51249,0.28627452254295
51299,0.28627452254295
51349,0.28627452254295
51399,0.28627452254295
51449,0.28627452254295
51499,0.28627452254295
51549,0.28627452254295
51599,0.28627452254295
51649,0.29019609093666
51699,0.29019609093666
51749,0.29019609093666
51799,0.29019609093666
51849,0.29019609093666
51899,0.29019609093666
51949,0.29411765933037
51999,0.29411765933037
52049,0.29411765933037
52099,0.29411765933037
52149,0.29411765933037
52199,0.29411765933037
52249,0.29803922772408
52299,0.29803922772408
52349,0.29803922772408
52399,0.29803922772408
52449,0.30196079611778
52499,0.30196079611778
52549,0.30196079611778
52599,0.30196079611778
52649,0.30196079611778
52699,0.30588236451149
52749,0.30588236451149
52799,0.30588236451149
52849,0.30588236451149
52899,0.30588236451149
52949,0.3098039329052
52999,0.3098039329052
53049,0.3098039329052
53099,0.3098039329052
53149,0.3098039329052
53199,0.3137255012989
53249,0.3137255012989
53299,0.3137255012989
53349,0.3137255012989
53399,0.3137255012989
53449,0.31764706969261
53499,0.31764706969261
53549,0.31764706969261
53599,0.31764706969261
53649,0.31764706969261
53699,0.31764706969261
53749,0.31764706969261
53799,0.31764706969261
53849,0.31764706969261
53899,0.32156863808632
53949,0.32156863808632
53999,0.32156863808632
54049,0.32156863808632
54099,0.32156863808632
54149,0.32156863808632
54199,0.32156863808632
54249,0.32156863808632
54299,0.32156863808632
54349,0.32549020648003
54399,0.32549020648003
54449,0.32549020648003
54499,0.32549020648003
54549,0.32549020648003
54599,0.32941177487373
54649,0.32941177487373
54699,0.32941177487373
54749,0.32941177487373
54799,0.33333334326744
54849,0.33333334326744
54899,0.33333334326744
54949,0.33333334326744
54999,0.33333334326744
55049,0.33725491166115
55099,0.33725491166115
55149,0.33725491166115
55199,0.33725491166115
55249,0.34117648005486
55299,0.34117648005486
55349,0.34117648005486
55399,0.34117648005486
55449,0.34117648005486
55499,0.34509804844856
55549,0.34509804844856
55599,0.34509804844856
55649,0.34509804844856
55699,0.34901961684227
55749,0.34901961684227
55799,0.34901961684227
55849,0.34901961684227
55899,0.35294118523598
55949,0.35294118523598
55999,0.35294118523598
56049,0.35294118523598
56099,0.35686275362968
56149,0.35686275362968
56199,0.35686275362968
56249,0.35686275362968
56299,0.35686275362968
56349,0.36078432202339
56399,0.36078432202339
56449,0.36078432202339
56499,0.36078432202339
56549,0.36078432202339
56599,0.3647058904171
56649,0.3647058904171
56699,0.3647058904171
56749,0.3647058904171
56799,0.36862745881081
56849,0.36862745881081
56899,0.36862745881081
56949,0.36862745881081
56999,0.36862745881081
57049,0.37254902720451
57099,0.37254902720451
57149,0.37254902720451
57199,0.37254902720451
57249,0.37254902720451
57299,0.37647059559822
57349,0.37647059559822
57399,0.37647059559822
57449,0.37647059559822
57499,0.37647059559822
57549,0.37647059559822
57599,0.37647059559822
57649,0.37647059559822
57699,0.38039216399193
57749,0.38039216399193
57799,0.38039216399193
57849,0.38039216399193
57899,0.38431373238564
57949,0.38431373238564
57999,0.38431373238564
58049,0.38431373238564
58099,0.38823530077934
58149,0.38823530077934
58199,0.38823530077934
58249,0.39215686917305
58299,0.39215686917305
58349,0.39215686917305
58399,0.39215686917305
58449,0.39607843756676
58499,0.39607843756676
58549,0.39607843756676
58599,0.40000000596046
58649,0.40000000596046
58699,0.40000000596046
58749,0.40000000596046
58799,0.40392157435417
58849,0.40392157435417
58899,0.40392157435417
58949,0.40784314274788
58999,0.40784314274788
59049,0.40784314274788
59099,0.41176471114159
59149,0.41176471114159
59199,0.41176471114159
59249,0.41568627953529
59299,0.41568627953529
59349,0.41568627953529
59399,0.419607847929
59449,0.419607847929
59499,0.419607847929
59549,0.419607847929
59599,0.42352941632271
59649,0.42352941632271
59699,0.42352941632271
59749,0.42352941632271
59799,0.42745098471642
59849,0.42745098471642
59899,0.42745098471642
59949,0.42745098471642
59999,0.43137255311012
60049,0.43137255311012
60099,0.43137255311012
60149,0.43137255311012
60199,0.43137255311012
60249,0.43529412150383
60299,0.43529412150383
60349,0.43529412150383
60399,0.43529412150383
60449,0.43529412150383
60499,0.43529412150383
60549,0.43921568989754
60599,0.43921568989754
60649,0.43921568989754
60699,0.43921568989754
60749,0.43921568989754
60799,0.43921568989754
60849,0.43921568989754
60899,0.43921568989754
60949,0.43921568989754
60999,0.43921568989754
61049,0.43921568989754
61099,0.44313725829124
61149,0.44313725829124
61199,0.44313725829124
61249,0.44313725829124
61299,0.44313725829124
61349,0.44313725829124
61399,0.44313725829124
61449,0.44313725829124
61499,0.44313725829124
61549,0.44313725829124
61599,0.44313725829124
61649,0.44313725829124
61699,0.44313725829124
61749,0.44313725829124
61799,0.44313725829124
61849,0.44705882668495
61899,0.44705882668495
61949,0.44705882668495
61999,0.44705882668495
62049,0.44705882668495
62099,0.44705882668495
62149,0.44705882668495
62199,0.45098039507866
62249,0.45098039507866
62299,0.45098039507866
62349,0.45098039507866
62399,0.45098039507866
62449,0.45098039507866
62499,0.45098039507866
62549,0.45490196347237
62599,0.45490196347237
62649,0.45490196347237
62699,0.45490196347237
62749,0.45490196347237
62799,0.45882353186607
62849,0.45882353186607
62899,0.45882353186607
62949,0.45882353186607
62999,0.46274510025978
63049,0.46274510025978
63099,0.46274510025978
63149,0.46274510025978
63199,0.46666666865349
63249,0.46666666865349
63299,0.46666666865349
63349,0.46666666865349
63399,0.46666666865349
63449,0.4705882370472
63499,0.4705882370472
63549,0.4705882370472
63599,0.4705882370472
63649,0.4745098054409
63699,0.4745098054409
63749,0.4745098054409
63799,0.4745098054409
63849,0.47843137383461
63899,0.47843137383461
63949,0.47843137383461
63999,0.47843137383461
64049,0.47843137383461
64099,0.48235294222832
64149,0.48235294222832
64199,0.48235294222832
64249,0.48235294222832
64299,0.48235294222832
64349,0.48627451062202
64399,0.48627451062202
64449,0.48627451062202
64499,0.48627451062202
64549,0.48627451062202
64599,0.48627451062202
64649,0.49019607901573
64699,0.49019607901573
64749,0.49019607901573
64799,0.49019607901573
64849,0.49019607901573
64899,0.49019607901573
64949,0.49411764740944
64999,0.49411764740944
65049,0.49411764740944
65099,0.49411764740944
65149,0.49411764740944
65199,0.49803921580315
65249,0.49803921580315
65299,0.49803921580315
65349,0.49803921580315
65399,0.49803921580315
65449,0.49803921580315
65499,0.49803921580315
65549,0.49411764740944
65599,0.49411764740944
65649,0.49411764740944
65699,0.49411764740944
65749,0.49411764740944
65799,0.49411764740944
65849,0.49411764740944
65899,0.49411764740944
65949,0.49411764740944
65999,0.49411764740944
66049,0.49411764740944
66099,0.49411764740944
66149,0.49411764740944
66199,0.49411764740944
66249,0.49411764740944
66299,0.49411764740944
66349,0.49411764740944
66399,0.49411764740944
66449,0.49411764740944
66499,0.49411764740944
66549,0.49411764740944
66599,0.49411764740944
66649,0.49411764740944
66699,0.49411764740944
66749,0.49803921580315
66799,0.49803921580315
66849,0.49803921580315
66899,0.49803921580315
66949,0.49803921580315
66999,0.49803921580315
67049,0.49803921580315
67099,0.50196081399918
67149,0.50196081399918
67199,0.50196081399918
67249,0.50196081399918
67299,0.50196081399918
67349,0.50196081399918
67399,0.50588238239288
67449,0.50588238239288
67499,0.50588238239288
67549,0.50588238239288
67599,0.50980395078659
67649,0.50980395078659
67699,0.50980395078659
67749,0.50980395078659
67799,0.50980395078659
67849,0.5137255191803
67899,0.5137255191803
67949,0.5137255191803
67999,0.5137255191803
68049,0.51764708757401
68099,0.51764708757401
68149,0.51764708757401
68199,0.51764708757401
68249,0.51764708757401
68299,0.52156865596771
68349,0.52156865596771
68399,0.52156865596771
68449,0.52156865596771
68499,0.52156865596771
68549,0.52156865596771
68599,0.52549022436142
68649,0.52549022436142
68699,0.52549022436142
68749,0.52549022436142
68799,0.52549022436142
68849,0.52549022436142
68899,0.52549022436142
68949,0.52941179275513
68999,0.52941179275513
69049,0.52941179275513
69099,0.52941179275513
69149,0.52941179275513
69199,0.52941179275513
69249,0.52941179275513
69299,0.52941179275513
69349,0.52941179275513
69399,0.52941179275513
69449,0.52941179275513
69499,0.52941179275513
69549,0.52941179275513
69599,0.52941179275513
69649,0.52941179275513
69699,0.52941179275513
69749,0.52941179275513
69799,0.52941179275513
69849,0.52941179275513
69899,0.52941179275513
69949,0.52941179275513
69999,0.52549022436142
70049,0.52549022436142
70099,0.52549022436142
70149,0.52549022436142
70199,0.52549022436142
70249,0.52549022436142
70299,0.52549022436142
70349,0.52549022436142
70399,0.52549022436142
70449,0.52549022436142
70499,0.52549022436142
70549,0.52549022436142
70599,0.52549022436142
70649,0.52549022436142
70699,0.52549022436142
70749,0.52549022436142
70799,0.52549022436142
70849,0.52549022436142
70899,0.52549022436142
70949,0.52549022436142
70999,0.52549022436142
71049,0.52549022436142
71099,0.52549022436142
71149,0.52549022436142
71199,0.52549022436142
71249,0.52549022436142
71299,0.52549022436142
71349,0.52549022436142
71399,0.52549022436142
71449,0.52549022436142
71499,0.52549022436142
71549,0.52549022436142
71599,0.52549022436142
71649,0.52549022436142
71699,0.52549022436142
71749,0.52549022436142
71799,0.52549022436142
71849,0.52549022436142
71899,0.52549022436142
71949,0.52549022436142
71999,0.52549022436142
72049,0.52549022436142
72099,0.52549022436142
72149,0.52549022436142
72199,0.52549022436142
72249,0.52549022436142
72299,0.52549022436142
72349,0.52156865596771
72399,0.52156865596771
72449,0.52156865596771
72499,0.52156865596771
72549,0.52156865596771
72599,0.52156865596771
72649,0.52156865596771
72699,0.52156865596771
72749,0.52156865596771
72799,0.52156865596771
72849,0.52156865596771
72899,0.52156865596771
72949,0.52156865596771
72999,0.51764708757401
73049,0.51764708757401
73099,0.51764708757401
73149,0.51764708757401
73199,0.51764708757401
73249,0.51764708757401
73299,0.51764708757401
73349,0.51764708757401
73399,0.51764708757401
73449,0.51764708757401
73499,0.51764708757401
73549,0.51764708757401
73599,0.51764708757401
73649,0.51764708757401
73699,0.51764708757401
73749,0.51764708757401
73799,0.51764708757401
73849,0.51764708757401
73899,0.51764708757401
73949,0.51764708757401
73999,0.51764708757401
74049,0.51764708757401
74099,0.51764708757401
74149,0.51764708757401
74199,0.51764708757401
74249,0.51764708757401
74299,0.51764708757401
74349,0.51764708757401
74399,0.51764708757401
74449,0.52156865596771
74499,0.52156865596771
74549,0.52156865596771
74599,0.52156865596771
74649,0.52156865596771
74699,0.52156865596771
74749,0.52156865596771
74799,0.52156865596771
74849,0.52156865596771
74899,0.52156865596771
74949,0.52156865596771
74999,0.52156865596771
75049,0.52156865596771
75099,0.52156865596771
75149,0.52156865596771
75199,0.52156865596771
75249,0.52156865596771
75299,0.52156865596771
75349,0.52156865596771
75400,0.52156865596771
75450,0.52156865596771
75500,0.52156865596771
75550,0.52156865596771
75600,0.52156865596771
75650,0.52156865596771
75700,0.52156865596771
75750,0.52156865596771
75800,0.52549022436142
75850,0.52549022436142
75900,0.52549022436142
75950,0.52549022436142
76000,0.52549022436142
76050,0.52549022436142
76100,0.52549022436142
76150,0.52549022436142
76200,0.52549022436142
76250,0.52549022436142
76300,0.52549022436142
76350,0.52549022436142
76400,0.52549022436142
76450,0.52941179275513
76500,0.52941179275513
76550,0.52941179275513
76600,0.52941179275513
76650,0.52941179275513
76700,0.52941179275513
76750,0.52941179275513
76800,0.52941179275513
76850,0.53333336114883
76900,0.53333336114883
76950,0.53333336114883
77000,0.53333336114883
77050,0.53333336114883
77100,0.53333336114883
77150,0.53725492954254
77200,0.53725492954254
77250,0.53725492954254
77300,0.53725492954254
77350,0.53725492954254
77400,0.53725492954254
77450,0.53725492954254
77500,0.53725492954254
77550,0.53725492954254
77600,0.54117649793625
77650,0.54117649793625
77700,0.54117649793625
77750,0.54117649793625
77800,0.54117649793625
77850,0.54117649793625
77900,0.54117649793625
77950,0.54117649793625
78000,0.54117649793625
78050,0.54117649793625
78100,0.54117649793625
78150,0.54117649793625
78200,0.54117649793625
78250,0.54117649793625
78300,0.54117649793625
78350,0.54117649793625
78400,0.54117649793625
78450,0.54117649793625
78500,0.54117649793625
78550,0.54117649793625
78600,0.53725492954254
78650,0.53725492954254
78700,0.53725492954254
78750,0.53725492954254
78800,0.53725492954254
78850,0.53725492954254
78900,0.53725492954254
78950,0.53333336114883
79000,0.53333336114883
79050,0.53333336114883
79100,0.53333336114883
79150,0.53333336114883
79200,0.53333336114883
79250,0.53333336114883
79300,0.53333336114883
79350,0.53333336114883
79400,0.53333336114883
79450,0.53333336114883
79500,0.53333336114883
79550,0.53333336114883
79600,0.53333336114883
79650,0.53333336114883
79700,0.53333336114883
79750,0.53333336114883
79800,0.53725492954254
79850,0.53725492954254
79900,0.53725492954254
79950,0.53725492954254
80000,0.53725492954254
80050,0.53725492954254
80100,0.54117649793625
80150,0.54117649793625
80200,0.54117649793625
80250,0.54117649793625
80300,0.54117649793625
80350,0.54509806632996
80400,0.54509806632996
80450,0.54509806632996
80500,0.54901963472366
80550,0.54901963472366
80600,0.54901963472366
80650,0.54901963472366
80700,0.55294120311737
80750,0.55294120311737
80800,0.55294120311737
80850,0.55294120311737
80900,0.55294120311737
80950,0.55294120311737
81000,0.55294120311737
81050,0.55294120311737
81100,0.55294120311737
81150,0.55294120311737
81200,0.55294120311737
81250,0.55294120311737
81300,0.55294120311737
81350,0.55294120311737
81400,0.55294120311737
81450,0.55294120311737
81500,0.55294120311737
81550,0.55294120311737
81600,0.55294120311737
81650,0.55294120311737
81700,0.55294120311737
81750,0.55294120311737
81800,0.55294120311737
81850,0.55294120311737
81900,0.55294120311737
81950,0.55294120311737
82000,0.54901963472366
82050,0.55294120311737
82100,0.55294120311737
82150,0.55294120311737
82200,0.55294120311737
82250,0.55294120311737
82300,0.55294120311737
82350,0.55294120311737
82400,0.55294120311737
82450,0.55294120311737
82500,0.55294120311737
82550,0.55294120311737
82600,0.55686277151108
82650,0.55686277151108
82700,0.55686277151108
82750,0.55686277151108
82800,0.55686277151108
82850,0.55686277151108
82900,0.56078433990479
82950,0.56078433990479
83000,0.56078433990479
83050,0.56078433990479
83100,0.56078433990479
83150,0.56078433990479
83200,0.56470590829849
83250,0.56470590829849
83300,0.56470590829849
83350,0.56470590829849
83400,0.56470590829849
83450,0.5686274766922
83500,0.5686274766922
83550,0.5686274766922
83600,0.5686274766922
83650,0.57254904508591
83700,0.57254904508591
83750,0.57254904508591
83800,0.57254904508591
83850,0.57254904508591
83900,0.57647061347961
83950,0.57647061347961
84000,0.57647061347961
84050,0.57647061347961
84100,0.58039218187332
84150,0.58039218187332
84200,0.58039218187332
84250,0.58039218187332
84300,0.58431375026703
84350,0.58431375026703
84400,0.58431375026703
84450,0.58431375026703
84500,0.58431375026703
84550,0.58431375026703
84600,0.58431375026703
84650,0.58823531866074
84700,0.58823531866074
84750,0.58431375026703
84800,0.58431375026703
84850,0.58431375026703
84900,0.58431375026703
84950,0.58431375026703
85000,0.58431375026703
85050,0.58431375026703
85100,0.58431375026703
85150,0.58039218187332
85200,0.58039218187332
85250,0.58039218187332
85300,0.58039218187332
85350,0.58039218187332
85400,0.57647061347961
85450,0.57647061347961
85500,0.57647061347961
85550,0.57647061347961
85600,0.57254904508591
85650,0.57254904508591
85700,0.57254904508591
85750,0.57254904508591
85800,0.57254904508591
85850,0.57254904508591
85900,0.5686274766922
85950,0.5686274766922
86000,0.5686274766922
86050,0.5686274766922
86100,0.5686274766922
86150,0.5686274766922
86200,0.5686274766922
86250,0.56470590829849
86300,0.56470590829849
86350,0.56470590829849
86400,0.56470590829849
86450,0.56470590829849
86500,0.56470590829849
86550,0.56470590829849
86600,0.56470590829849
86650,0.56470590829849
86700,0.56470590829849
86750,0.56078433990479
86800,0.56078433990479
86850,0.56078433990479
86900,0.56078433990479
86950,0.56078433990479
87000,0.56078433990479
87050,0.56078433990479
87100,0.56078433990479
87150,0.56078433990479
87200,0.56078433990479
87250,0.56078433990479
87300,0.56078433990479
87350,0.56078433990479
87400,0.56078433990479
87450,0.56078433990479
87500,0.56078433990479
87550,0.56078433990479
87600,0.56078433990479
87650,0.56078433990479
87700,0.56470590829849
87750,0.56470590829849
87800,0.56470590829849
87850,0.56470590829849
87900,0.56470590829849
87950,0.56470590829849
88000,0.56470590829849
88050,0.56470590829849
88100,0.56470590829849
88150,0.56470590829849
88200,0.56470590829849
88250,0.56470590829849
88300,0.56470590829849
88350,0.56470590829849
88400,0.56470590829849
88450,0.56470590829849
88500,0.56470590829849
88550,0.56078433990479
88600,0.56078433990479
88650,0.56078433990479
88700,0.56078433990479
88750,0.55686277151108
88800,0.55686277151108
88850,0.55686277151108
88900,0.55686277151108
88950,0.55294120311737
89000,0.55294120311737
89050,0.55294120311737
89100,0.54901963472366
89150,0.54901963472366
89200,0.54901963472366
89250,0.54901963472366
89300,0.54509806632996
89350,0.54509806632996
89400,0.54509806632996
89450,0.54509806632996
89500,0.54509806632996
89550,0.54117649793625
89600,0.54117649793625
89650,0.54117649793625
89700,0.54117649793625
89750,0.54117649793625
89800,0.54117649793625
89850,0.54117649793625
89900,0.54117649793625
89950,0.54117649793625
90000,0.54117649793625
90050,0.54117649793625
90100,0.54117649793625
90150,0.54117649793625
90200,0.54117649793625
90250,0.54117649793625
90300,0.54117649793625
90350,0.54117649793625
90400,0.54117649793625
90450,0.54117649793625
90500,0.54117649793625
90550,0.54117649793625
90600,0.54509806632996
90650,0.54509806632996
90700,0.54509806632996
90750,0.54509806632996
90800,0.54509806632996
90850,0.54901963472366
90900,0.54901963472366
90950,0.54901963472366
91000,0.54901963472366
91050,0.55294120311737
91100,0.55294120311737
91150,0.55294120311737
91200,0.55686277151108
91250,0.55686277151108
91300,0.55686277151108
91350,0.56078433990479
91400,0.56078433990479
91450,0.56078433990479
91500,0.56470590829849
91550,0.56470590829849
91600,0.56470590829849
91650,0.5686274766922
91700,0.5686274766922
91750,0.5686274766922
91801,0.57254904508591
91851,0.57254904508591
91901,0.57254904508591
91951,0.57647061347961
92001,0.57647061347961
92051,0.57647061347961
92101,0.57647061347961
92151,0.58039218187332
92201,0.58039218187332
92251,0.58039218187332
92301,0.58431375026703
92351,0.58431375026703
92401,0.58431375026703
92451,0.58431375026703
92501,0.58823531866074
92551,0.58823531866074
92601,0.58823531866074
92651,0.59215688705444
92701,0.59215688705444
92751,0.59215688705444
92801,0.59215688705444
92851,0.59607845544815
92901,0.59607845544815
92951,0.59607845544815
93001,0.60000002384186
93051,0.60000002384186
93101,0.60000002384186
93151,0.60000002384186
93201,0.60392159223557
93251,0.60392159223557
93301,0.60392159223557
93351,0.60392159223557
93401,0.60000002384186
93451,0.60000002384186
93501,0.60000002384186
93551,0.60000002384186
93601,0.60000002384186
93651,0.60000002384186
93701,0.60000002384186
93751,0.60000002384186
93801,0.60000002384186
93851,0.60000002384186
93901,0.60000002384186
93951,0.60000002384186
94001,0.60000002384186
94051,0.59607845544815
94101,0.59607845544815
94151,0.59607845544815
94201,0.59607845544815
94251,0.59607845544815
94301,0.59607845544815
94351,0.59607845544815
94401,0.59607845544815
94451,0.59607845544815
94501,0.59607845544815
94551,0.59215688705444
94601,0.59215688705444
94651,0.59215688705444
94701,0.59215688705444
94751,0.59215688705444
94801,0.59215688705444
94851,0.58823531866074
94901,0.58823531866074
94951,0.58823531866074
95001,0.58823531866074
95051,0.58823531866074
95101,0.58823531866074
95151,0.58431375026703
95201,0.58431375026703
95251,0.58431375026703
95301,0.58431375026703
95351,0.58431375026703
95401,0.58431375026703
95451,0.58431375026703
95501,0.58431375026703
95551,0.58431375026703
95601,0.58431375026703
95651,0.58431375026703
95701,0.58039218187332
95751,0.58039218187332
95801,0.58039218187332
95851,0.58039218187332
95901,0.58039218187332
95951,0.58431375026703
96001,0.58431375026703
96051,0.58431375026703
96101,0.58431375026703
96151,0.58431375026703
96201,0.58431375026703
96251,0.58431375026703
96301,0.58431375026703
96351,0.58431375026703
96401,0.58431375026703
96451,0.58431375026703
96501,0.58431375026703
96551,0.58431375026703
96601,0.58431375026703
96651,0.58823531866074
96701,0.58823531866074
96751,0.58823531866074
96801,0.58823531866074
96851,0.58823531866074
96901,0.58823531866074
96951,0.58823531866074
97001,0.58823531866074
97051,0.58823531866074
97101,0.59215688705444
97151,0.59215688705444
97201,0.59215688705444
97251,0.59215688705444
97301,0.59215688705444
97351,0.59215688705444
97401,0.59607845544815
97451,0.59607845544815
97501,0.59607845544815
97551,0.59607845544815
97601,0.59607845544815
97651,0.59607845544815
97701,0.60000002384186
97751,0.60000002384186
97801,0.60000002384186
97851,0.60000002384186
97901,0.60000002384186
97951,0.60000002384186
98001,0.60392159223557
98051,0.60392159223557
98101,0.60392159223557
98151,0.60392159223557
98201,0.60392159223557
98251,0.60392159223557
98301,0.60392159223557
98351,0.60784316062927
98401,0.60784316062927
98451,0.60784316062927
98501,0.60784316062927
98551,0.60784316062927
98601,0.60784316062927
98651,0.60784316062927
98701,0.61176472902298
98751,0.61176472902298
98801,0.61176472902298
98851,0.61176472902298
98901,0.61176472902298
98951,0.61176472902298
99001,0.61568629741669
99051,0.61568629741669
99101,0.61568629741669
99151,0.61568629741669
99201,0.61568629741669
99251,0.61960786581039
99301,0.61960786581039
99351,0.61960786581039
99401,0.61960786581039
99451,0.61960786581039
99501,0.6235294342041
99551,0.6235294342041
99601,0.6235294342041
99651,0.6235294342041
99701,0.6235294342041
99751,0.62745100259781
99801,0.62745100259781
99851,0.62745100259781
99901,0.62745100259781
99951,0.63137257099152
100001,0.63137257099152
100051,0.63137257099152
100101,0.63137257099152
100151,0.63529413938522
100201,0.63529413938522
100251,0.63529413938522
100301,0.63529413938522
100351,0.63921570777893
100401,0.63921570777893
100451,0.63921570777893
100501,0.63921570777893
100551,0.64313727617264
100601,0.64313727617264
100651,0.64313727617264
100701,0.64313727617264
100751,0.64705884456635
100801,0.64705884456635
100851,0.64705884456635
100901,0.64705884456635
100951,0.65098041296005
101001,0.65098041296005
101051,0.65098041296005
101101,0.65098041296005
101151,0.65490198135376
101201,0.65490198135376
101251,0.65490198135376
101301,0.65490198135376
101351,0.65882354974747
101401,0.65882354974747
101451,0.65882354974747
101501,0.65882354974747
101551,0.65882354974747
101601,0.66274511814117
101651,0.66274511814117
101701,0.66274511814117
101751,0.66274511814117
101801,0.66274511814117
101851,0.66666668653488
101901,0.66666668653488
101951,0.66666668653488
102001,0.66666668653488
102051,0.66666668653488
102101,0.67058825492859
102151,0.67058825492859
102201,0.67058825492859
102251,0.67058825492859
102301,0.67058825492859
102351,0.67058825492859
102401,0.6745098233223
102451,0.6745098233223
102501,0.6745098233223
102551,0.6745098233223
102601,0.6745098233223
102651,0.6745098233223
102701,0.678431391716
102751,0.678431391716
102801,0.678431391716
102851,0.678431391716
102901,0.678431391716
102951,0.678431391716
103001,0.678431391716
103051,0.678431391716
103101,0.678431391716
103151,0.68235296010971
103201,0.68235296010971
103251,0.68235296010971
103301,0.68235296010971
103351,0.68235296010971
103401,0.68235296010971
103451,0.68235296010971
103501,0.68235296010971
103551,0.68235296010971
103601,0.68235296010971
103651,0.68235296010971
103701,0.68235296010971
103751,0.68627452850342
103801,0.68627452850342
103851,0.68627452850342
103901,0.68627452850342
103951,0.68627452850342
104001,0.68627452850342
104051,0.68627452850342
104101,0.68627452850342
104151,0.68627452850342
104201,0.68627452850342
104251,0.68627452850342
104301,0.68627452850342
104351,0.68627452850342
104401,0.68627452850342
104451,0.68627452850342
104501,0.68627452850342
104551,0.68627452850342
104601,0.68627452850342
104651,0.68627452850342
104701,0.68627452850342
104751,0.68627452850342
104801,0.68627452850342
104851,0.68627452850342
104901,0.68627452850342
104951,0.68627452850342
105001,0.68627452850342
105051,0.68627452850342
105101,0.68627452850342
105151,0.68627452850342
105201,0.68627452850342
105251,0.68627452850342
105301,0.68627452850342
105351,0.68627452850342
105401,0.68627452850342
105451,0.68627452850342
105501,0.68627452850342
105551,0.68627452850342
105601,0.68627452850342
105651,0.68627452850342
105701,0.68627452850342
105751,0.68627452850342
105801,0.68627452850342
105851,0.68235296010971
105901,0.68235296010971
105951,0.68235296010971
106001,0.68235296010971
106051,0.68235296010971
106101,0.68235296010971
106151,0.68235296010971
106201,0.68235296010971
106251,0.68235296010971
106301,0.68235296010971
106351,0.68235296010971
106401,0.68235296010971
106451,0.68235296010971
106501,0.68235296010971
106551,0.68235296010971
106601,0.68235296010971
106651,0.68235296010971
106701,0.68235296010971
106751,0.68235296010971
106801,0.68235296010971
106851,0.68235296010971
106901,0.68235296010971
106951,0.68235296010971
107001,0.68235296010971
107051,0.68235296010971
107101,0.68235296010971
107151,0.68235296010971
107201,0.68235296010971
107251,0.678431391716
107301,0.678431391716
107351,0.678431391716
107401,0.678431391716
107451,0.678431391716
107501,0.678431391716
107551,0.678431391716
107601,0.678431391716
107651,0.678431391716
107701,0.678431391716
107751,0.678431391716
107801,0.678431391716
107851,0.678431391716
107901,0.678431391716
107951,0.678431391716
108001,0.678431391716
108051,0.678431391716
108101,0.678431391716
108152,0.678431391716
108202,0.678431391716
108252,0.678431391716
108302,0.678431391716
108352,0.6745098233223
108402,0.6745098233223
108452,0.6745098233223
108502,0.6745098233223
108552,0.6745098233223
108602,0.6745098233223
108652,0.6745098233223
108702,0.6745098233223
108752,0.6745098233223
108802,0.6745098233223
108852,0.6745098233223
108902,0.6745098233223
108952,0.6745098233223
109002,0.6745098233223
109052,0.6745098233223
109102,0.6745098233223
109152,0.6745098233223
109202,0.6745098233223
109252,0.6745098233223
109302,0.67058825492859
109352,0.67058825492859
109402,0.67058825492859
109452,0.67058825492859
109502,0.67058825492859
109552,0.67058825492859
109602,0.67058825492859
109652,0.67058825492859
109702,0.67058825492859
109752,0.67058825492859
109802,0.67058825492859
109852,0.67058825492859
109902,0.67058825492859
109952,0.67058825492859
110002,0.67058825492859
110052,0.67058825492859
110102,0.67058825492859
110152,0.67058825492859
110202,0.67058825492859
110252,0.67058825492859
110302,0.67058825492859
110352,0.67058825492859
110402,0.67058825492859
110452,0.67058825492859
110502,0.67058825492859
110552,0.67058825492859
110602,0.6745098233223
110652,0.6745098233223
110702,0.6745098233223
110752,0.6745098233223
110802,0.6745098233223
110852,0.6745098233223
110902,0.6745098233223
110952,0.6745098233223
111002,0.6745098233223
111052,0.6745098233223
111102,0.6745098233223
111152,0.6745098233223
111202,0.6745098233223
111252,0.6745098233223
111302,0.6745098233223
111352,0.6745098233223
111402,0.6745098233223
111452,0.6745098233223
111502,0.6745098233223
111552,0.6745098233223
111602,0.6745098233223
111652,0.678431391716
111702,0.678431391716
111752,0.678431391716
111802,0.678431391716
111852,0.678431391716
111902,0.678431391716
111952,0.678431391716
112002,0.68235296010971
112052,0.68235296010971
112102,0.68235296010971
112152,0.68235296010971
112202,0.68235296010971
112252,0.68235296010971
112302,0.68235296010971
112352,0.68627452850342
112402,0.68627452850342
112452,0.68627452850342
112502,0.68627452850342
112552,0.68627452850342
112602,0.68627452850342
112652,0.69019609689713
112702,0.69019609689713
112752,0.69019609689713
112802,0.69019609689713
112852,0.69019609689713
112902,0.69019609689713
112952,0.69411766529083
113002,0.69411766529083
113052,0.69411766529083
113102,0.69411766529083
113152,0.69411766529083
113202,0.69803923368454
113252,0.69803923368454
113302,0.69803923368454
113352,0.69803923368454
113402,0.70196080207825
113452,0.70196080207825
113502,0.70196080207825
113552,0.70196080207825
113602,0.70588237047195
113652,0.70588237047195
113702,0.70588237047195
113752,0.70588237047195
113802,0.70980393886566
113852,0.70980393886566
113902,0.70980393886566
113952,0.70980393886566
114002,0.71372550725937
114052,0.71372550725937
114102,0.71372550725937
114152,0.71372550725937
114202,0.71764707565308
114252,0.71764707565308
114302,0.71764707565308
114352,0.71764707565308
114402,0.72156864404678
114452,0.72156864404678
114502,0.72156864404678
114552,0.72156864404678
114602,0.72549021244049
114652,0.72549021244049
114702,0.72549021244049
114752,0.72549021244049
114802,0.72549021244049
114852,0.7294117808342
114902,0.7294117808342
114952,0.7294117808342
115002,0.7294117808342
115052,0.73333334922791
115102,0.73333334922791
115152,0.73333334922791
115202,0.73333334922791
115252,0.73725491762161
115302,0.73725491762161
115352,0.73725491762161
115402,0.74117648601532
115452,0.74117648601532
115502,0.74117648601532
115552,0.74117648601532
115602,0.74509805440903
115652,0.74509805440903
115702,0.74509805440903
115752,0.74509805440903
115802,0.74901962280273
115852,0.74901962280273
115902,0.74901962280273
115952,0.74901962280273
116002,0.75294119119644
116052,0.75294119119644
116102,0.75294119119644
116152,0.75294119119644
116202,0.75686275959015
116252,0.75686275959015
116302,0.75686275959015
116352,0.75686275959015
116402,0.76078432798386
116452,0.76078432798386
116502,0.76078432798386
116552,0.76470589637756
116602,0.76470589637756
116652,0.76470589637756
116702,0.76470589637756
116752,0.76862746477127
116802,0.76862746477127
116852,0.76862746477127
116902,0.76862746477127
116952,0.77254903316498
117002,0.77254903316498
117052,0.77254903316498
117102,0.77647060155869
117152,0.77647060155869
117202,0.77647060155869
117252,0.78039216995239
117302,0.78039216995239
117352,0.78039216995239
117402,0.7843137383461
117452,0.7843137383461
117502,0.7843137383461
117552,0.7843137383461
117602,0.78823530673981
117652,0.78823530673981
117702,0.78823530673981
117752,0.79215687513351
117802,0.79215687513351
117852,0.79215687513351
117902,0.79215687513351
117952,0.79607844352722
118002,0.79607844352722
118052,0.79607844352722
118102,0.79607844352722
118152,0.79607844352722
118202,0.80000001192093
118252,0.80000001192093
118302,0.80000001192093
118352,0.80000001192093
118402,0.80392158031464
118452,0.80392158031464
118502,0.80392158031464
118552,0.80392158031464
118602,0.80784314870834
118652,0.80784314870834
118702,0.80784314870834
118752,0.80784314870834
118802,0.80784314870834
118852,0.80784314870834
118902,0.81176471710205
118952,0.81176471710205
119002,0.81176471710205
119052,0.81176471710205
119102,0.81176471710205
119152,0.81176471710205
119202,0.81176471710205
119252,0.81568628549576
119302,0.81568628549576
119352,0.81568628549576
119402,0.81568628549576
119452,0.81568628549576
119502,0.81568628549576
119552,0.81568628549576
119602,0.81568628549576
119652,0.81568628549576
119702,0.81568628549576
119752,0.81568628549576
119802,0.81568628549576
119852,0.81568628549576
119902,0.81568628549576
119952,0.81568628549576
120002,0.81568628549576
120052,0.81568628549576
120102,0.81568628549576
120152,0.81568628549576
120202,0.81568628549576
120252,0.81568628549576
120302,0.81568628549576
120352,0.81568628549576
120402,0.81568628549576
120452,0.81568628549576
120502,0.81568628549576
120552,0.81568628549576
120602,0.81568628549576
120652,0.81568628549576
120702,0.81176471710205
120752,0.81176471710205
120802,0.81176471710205
120852,0.81176471710205
120902,0.81176471710205
120952,0.81176471710205
121002,0.81176471710205
121052,0.81176471710205
121102,0.81176471710205
121152,0.80784314870834
121202,0.80784314870834
121252,0.80784314870834
121302,0.80784314870834
121352,0.80784314870834
121402,0.80784314870834
121452,0.80784314870834
121502,0.80784314870834
121552,0.80392158031464
121602,0.80392158031464
121652,0.80392158031464
121702,0.80392158031464
121752,0.80392158031464
121802,0.80392158031464
121852,0.80392158031464
121902,0.80392158031464
121952,0.80392158031464
122002,0.80000001192093
122052,0.80000001192093
122102,0.80000001192093
122152,0.80000001192093
122202,0.80000001192093
122252,0.79607844352722
122302,0.79607844352722
122352,0.79607844352722
122402,0.79607844352722
122452,0.79607844352722
122502,0.79607844352722
122552,0.79215687513351
122602,0.79215687513351
122652,0.79215687513351
122702,0.79215687513351
122752,0.79215687513351
122802,0.78823530673981
122852,0.78823530673981
122902,0.78823530673981
122952,0.78823530673981
123002,0.78823530673981
123052,0.7843137383461
123102,0.7843137383461
123152,0.7843137383461
123202,0.7843137383461
123252,0.7843137383461
123302,0.7843137383461
123352,0.7843137383461
123402,0.78039216995239
123452,0.78039216995239
123502,0.78039216995239
123552,0.78039216995239
123602,0.78039216995239
123652,0.78039216995239
123702,0.78039216995239
123752,0.78039216995239
123802,0.78039216995239
123852,0.77647060155869
123902,0.77647060155869
123952,0.77647060155869
124002,0.77647060155869
124052,0.77647060155869
124102,0.77647060155869
124152,0.77647060155869
124202,0.77647060155869
124252,0.77647060155869
124302,0.77647060155869
124352,0.77647060155869
124402,0.77647060155869
124452,0.77647060155869
124502,0.77647060155869
124553,0.77647060155869
124603,0.77647060155869
124653,0.77647060155869
124703,0.77647060155869
124753,0.77647060155869
124803,0.77647060155869
124853,0.77647060155869
124903,0.77647060155869
124953,0.77647060155869
125003,0.77647060155869
125053,0.77647060155869
125103,0.77647060155869
125153,0.78039216995239
125203,0.78039216995239
125253,0.78039216995239
125303,0.78039216995239
125353,0.78039216995239
125403,0.78039216995239
125453,0.78039216995239
125503,0.78039216995239
125553,0.78039216995239
125603,0.78039216995239
125653,0.78039216995239
125703,0.78039216995239
125753,0.78039216995239
125803,0.7843137383461
125853,0.7843137383461
125903,0.7843137383461
125953,0.7843137383461
126003,0.7843137383461
126053,0.7843137383461
126103,0.78823530673981
126153,0.78823530673981
126203,0.78823530673981
126253,0.78823530673981
126303,0.78823530673981
126353,0.78823530673981
126403,0.78823530673981
126453,0.79215687513351
126503,0.79215687513351
126553,0.79215687513351
126603,0.79215687513351
126653,0.79607844352722
126703,0.79607844352722
126753,0.79607844352722
126803,0.79607844352722
126853,0.80000001192093
126903,0.80000001192093
126953,0.80000001192093
127003,0.80000001192093
127053,0.80392158031464
127103,0.80392158031464
127153,0.80392158031464
127203,0.80392158031464
127253,0.80392158031464
127303,0.80784314870834
127353,0.80784314870834
127403,0.80784314870834
127453,0.80784314870834
127503,0.81176471710205
127553,0.81176471710205
127603,0.80784314870834
127653,0.80784314870834
127703,0.80784314870834
127753,0.80784314870834
127803,0.80784314870834
127853,0.80784314870834
127903,0.80784314870834
127953,0.80392158031464
128003,0.80392158031464
128053,0.80392158031464
128103,0.80392158031464
128153,0.80392158031464
128203,0.80392158031464
128253,0.80392158031464
128303,0.80392158031464
128353,0.80000001192093
128403,0.80000001192093
128453,0.80000001192093
128503,0.80000001192093
128553,0.80000001192093
128603,0.80000001192093
128653,0.80000001192093
128703,0.80000001192093
128753,0.80000001192093
128803,0.80392158031464
128853,0.80392158031464
128903,0.80392158031464
128953,0.80392158031464
129003,0.80392158031464
129053,0.80392158031464
129103,0.80392158031464
129153,0.80392158031464
129203,0.80392158031464
129253,0.80784314870834
129303,0.80784314870834
129353,0.80784314870834
129403,0.80784314870834
129453,0.80784314870834
129503,0.80784314870834
129553,0.80784314870834
129603,0.80784314870834
129653,0.81176471710205
129703,0.81176471710205
129753,0.81176471710205
129803,0.81176471710205
129853,0.81176471710205
129903,0.81176471710205
129953,0.81176471710205
130003,0.81176471710205
130053,0.81176471710205
130103,0.81568628549576
130153,0.81568628549576
130203,0.81568628549576
130253,0.81568628549576
130303,0.81568628549576
130353,0.81568628549576
130403,0.81568628549576
130453,0.81568628549576
130503,0.81568628549576
130553,0.81568628549576
130603,0.81960785388947
130653,0.81960785388947
130703,0.81960785388947
130753,0.81960785388947
130803,0.81960785388947
130853,0.81960785388947
130903,0.81960785388947
130953,0.81960785388947
131003,0.82352942228317
131053,0.82352942228317
131103,0.82352942228317
131153,0.82352942228317
131203,0.82352942228317
131253,0.82352942228317
131303,0.82745099067688
131353,0.82745099067688
131403,0.82745099067688
131453,0.82745099067688
131503,0.82745099067688
131553,0.82745099067688
131603,0.82745099067688
131653,0.82745099067688
131703,0.82745099067688
131753,0.83137255907059
131803,0.83137255907059
131853,0.83137255907059
131903,0.83137255907059
131953,0.83137255907059
132003,0.83137255907059
132053,0.83137255907059
132103,0.83137255907059
132153,0.83137255907059
132203,0.83137255907059
132253,0.83137255907059
132303,0.83137255907059
132353,0.83137255907059
132403,0.83137255907059
132453,0.83137255907059
132503,0.83137255907059
132553,0.83529412746429
132603,0.83529412746429
132653,0.83529412746429
132703,0.83529412746429
132753,0.83529412746429
132803,0.83529412746429
132853,0.83529412746429
132903,0.83529412746429
132953,0.83529412746429
133003,0.83529412746429
133053,0.83529412746429
133103,0.83529412746429
133153,0.83529412746429
133203,0.83529412746429
133253,0.83529412746429
133303,0.83529412746429
133353,0.83529412746429
133403,0.83137255907059
133453,0.83137255907059
133503,0.83137255907059
133553,0.83137255907059
133603,0.83137255907059
133653,0.83137255907059
133703,0.82745099067688
133753,0.82745099067688
133803,0.82745099067688
133853,0.82745099067688
133903,0.82745099067688
133953,0.82352942228317
134003,0.82352942228317
134053,0.82352942228317
134103,0.82352942228317
134153,0.81960785388947
134203,0.81960785388947
134253,0.81960785388947
134303,0.81960785388947
134353,0.81568628549576
134403,0.81568628549576
134453,0.81568628549576
134503,0.81568628549576
134553,0.81568628549576
134603,0.81568628549576
134653,0.81176471710205
134703,0.81176471710205
134753,0.81176471710205
134803,0.81176471710205
134853,0.81176471710205
134903,0.81176471710205
134953,0.81176471710205
135003,0.81176471710205
135053,0.80784314870834
135103,0.80784314870834
135153,0.80784314870834
135203,0.80784314870834
135253,0.80784314870834
135303,0.80784314870834
135353,0.80784314870834
135403,0.80392158031464
135453,0.80392158031464
135503,0.80392158031464
135553,0.80392158031464
135603,0.80392158031464
135653,0.80392158031464
135703,0.80392158031464
135753,0.80000001192093
135803,0.80000001192093
135853,0.80000001192093
135903,0.80000001192093
135953,0.80000001192093
136003,0.80000001192093
136053,0.80000001192093
136103,0.80000001192093
136153,0.80000001192093
136203,0.80000001192093
136253,0.80000001192093
136303,0.80000001192093
136353,0.80000001192093
136403,0.80000001192093
136453,0.80000001192093
136503,0.80000001192093
136553,0.80000001192093
136603,0.80392158031464
136653,0.80392158031464
136703,0.80392158031464
136753,0.80392158031464
136803,0.80392158031464
136853,0.80392158031464
136903,0.80392158031464
136953,0.80784314870834
137003,0.80784314870834
137053,0.80784314870834
137103,0.80784314870834
137153,0.80784314870834
137203,0.80784314870834
137253,0.80784314870834
137303,0.81176471710205
137353,0.81176471710205
137403,0.81176471710205
137453,0.81176471710205
137503,0.81176471710205
137553,0.81568628549576
137603,0.81568628549576
137653,0.81568628549576
137703,0.81568628549576
137753,0.81960785388947
137803,0.81960785388947
137853,0.81960785388947
137903,0.81960785388947
137953,0.82352942228317
138003,0.82352942228317
138053,0.82352942228317
138103,0.82352942228317
138153,0.82352942228317
138203,0.82745099067688
138253,0.82745099067688
138303,0.82745099067688
138353,0.82745099067688
138403,0.83137255907059
138453,0.83137255907059
138503,0.83137255907059
138553,0.83137255907059
138603,0.83529412746429
138653,0.83529412746429
138703,0.83529412746429
138753,0.83529412746429
138803,0.83529412746429
138853,0.83529412746429
138903,0.83529412746429
138953,0.83529412746429
139003,0.83529412746429
139053,0.83529412746429
139103,0.83529412746429
139153,0.83529412746429
139203,0.83529412746429
139253,0.83529412746429
139303,0.83529412746429
139353,0.839215695858
139403,0.839215695858
139453,0.839215695858
139503,0.839215695858
139553,0.839215695858
139603,0.839215695858
139653,0.839215695858
139703,0.839215695858
139753,0.839215695858
139803,0.839215695858
139853,0.839215695858
139903,0.84313726425171
139953,0.84313726425171
140003,0.84313726425171
140053,0.84313726425171
140103,0.84313726425171
140153,0.84313726425171
140203,0.84313726425171
140253,0.84313726425171
140303,0.84313726425171
140353,0.84313726425171
140403,0.839215695858
140453,0.839215695858
140503,0.839215695858
140553,0.839215695858
140603,0.83529412746429
140653,0.83529412746429
140703,0.83529412746429
140753,0.83529412746429
140803,0.83137255907059
140853,0.83137255907059
140903,0.83137255907059
140953,0.82745099067688
141003,0.82745099067688
141054,0.82745099067688
141104,0.82745099067688
141154,0.82352942228317
141204,0.82352942228317
141254,0.82352942228317
141304,0.81960785388947
141354,0.81960785388947
141404,0.81960785388947
141454,0.81568628549576
141504,0.81568628549576
141554,0.81176471710205
141604,0.81176471710205
141654,0.81176471710205
141704,0.81176471710205
141754,0.80784314870834
141804,0.80784314870834
141854,0.80784314870834
141904,0.80392158031464
141954,0.80392158031464
142004,0.80392158031464
142054,0.80000001192093
142104,0.80000001192093
142154,0.80000001192093
142204,0.80000001192093
142254,0.79607844352722
142304,0.79607844352722
142354,0.79607844352722
142404,0.79607844352722
142454,0.79215687513351
142504,0.79215687513351
142554,0.79215687513351
142604,0.78823530673981
142654,0.78823530673981
142704,0.78823530673981
142754,0.78823530673981
142804,0.7843137383461
142854,0.7843137383461
142904,0.7843137383461
142954,0.7843137383461
143004,0.78039216995239
143054,0.78039216995239
143104,0.78039216995239
143154,0.78039216995239
143204,0.78039216995239
143254,0.78039216995239
143304,0.77647060155869
143354,0.77647060155869
143404,0.77647060155869
143454,0.77647060155869
143504,0.77647060155869
143554,0.77647060155869
143604,0.77647060155869
143654,0.77254903316498
143704,0.77254903316498
143754,0.77254903316498
143804,0.77254903316498
143854,0.77254903316498
143904,0.77254903316498
143954,0.77254903316498
144004,0.77254903316498
144054,0.77254903316498
144104,0.77254903316498
144154,0.77254903316498
144204,0.77254903316498
144254,0.77254903316498
144304,0.77254903316498
144354,0.77254903316498
144404,0.77254903316498
144454,0.77254903316498
144504,0.77254903316498
144554,0.77254903316498
144604,0.77254903316498
144654,0.77254903316498
144704,0.77254903316498
144754,0.77254903316498
144804,0.77254903316498
144854,0.77254903316498
144904,0.77254903316498
144954,0.77254903316498
145004,0.77254903316498
145054,0.77254903316498
145104,0.77254903316498
145154,0.77254903316498
145204,0.77254903316498
145254,0.77254903316498
145304,0.77254903316498
145354,0.77254903316498
145404,0.77254903316498
145454,0.77254903316498
145504,0.77254903316498
145554,0.77254903316498
145604,0.77254903316498
145654,0.77254903316498
145704,0.77254903316498
145754,0.77254903316498
145804,0.77254903316498
145854,0.77254903316498
145904,0.77254903316498
145954,0.77254903316498
146004,0.77254903316498
146054,0.77254903316498
146104,0.77254903316498
146154,0.77254903316498
146204,0.77254903316498
146254,0.77647060155869
146304,0.77647060155869
146354,0.77647060155869
146404,0.77647060155869
146454,0.77647060155869
146504,0.77647060155869
146554,0.77647060155869
146604,0.77647060155869
146654,0.77647060155869
146704,0.77647060155869
146754,0.77647060155869
146804,0.77647060155869
146854,0.77647060155869
146904,0.77647060155869
146954,0.78039216995239
147004,0.78039216995239
147054,0.78039216995239
147104,0.78039216995239
147154,0.78039216995239
147204,0.78039216995239
147254,0.78039216995239
147304,0.78039216995239
147354,0.78039216995239
147404,0.7843137383461
147454,0.7843137383461
147504,0.7843137383461
147554,0.7843137383461
147604,0.7843137383461
147654,0.7843137383461
147704,0.78823530673981
147754,0.78823530673981
147804,0.78823530673981
147854,0.78823530673981
147904,0.78823530673981
147954,0.78823530673981
148004,0.78823530673981
148054,0.79215687513351
148104,0.79215687513351
148154,0.79215687513351
148204,0.79215687513351
148254,0.79215687513351
148304,0.79607844352722
148354,0.79607844352722
148404,0.79607844352722
148454,0.79607844352722
148504,0.80000001192093
148554,0.80000001192093
148604,0.80000001192093
148654,0.80000001192093
148704,0.80392158031464
148754,0.80392158031464
148804,0.80392158031464
148854,0.80392158031464
148904,0.80784314870834
148954,0.80784314870834
149004,0.80784314870834
149054,0.80784314870834
149104,0.81176471710205
149154,0.81176471710205
149204,0.81176471710205
149254,0.81176471710205
149304,0.81568628549576
149354,0.81568628549576
149404,0.81568628549576
149454,0.81568628549576
149504,0.81568628549576
149554,0.81960785388947
149604,0.81960785388947
149654,0.81960785388947
149704,0.81960785388947
149754,0.82352942228317
149804,0.82352942228317
149854,0.82352942228317
149904,0.82352942228317
149954,0.82745099067688
150004,0.82745099067688
150054,0.82745099067688
150104,0.82745099067688
150154,0.83137255907059
150204,0.83137255907059
150254,0.83137255907059
150304,0.83137255907059
150354,0.83529412746429
150404,0.83529412746429
150454,0.83529412746429
150504,0.83529412746429
150554,0.839215695858
150604,0.839215695858
150654,0.839215695858
150704,0.839215695858
150754,0.839215695858
150804,0.84313726425171
150854,0.84313726425171
150904,0.84313726425171
150954,0.84313726425171
151004,0.84313726425171
151054,0.84313726425171
151104,0.84313726425171
151154,0.84313726425171
151204,0.84313726425171
151254,0.84313726425171
151304,0.84313726425171
151354,0.84313726425171
151404,0.84705883264542
151454,0.84705883264542
151504,0.84705883264542
151554,0.84705883264542
151604,0.84705883264542
151654,0.84705883264542
151704,0.84705883264542
151754,0.84705883264542
151804,0.84705883264542
151854,0.84705883264542
151904,0.84705883264542
151954,0.84705883264542
152004,0.84705883264542
152054,0.84705883264542
152104,0.84705883264542
152154,0.84705883264542
152204,0.84313726425171
152254,0.84313726425171
152304,0.84313726425171
152354,0.84313726425171
152404,0.84313726425171
152454,0.84313726425171
152504,0.84313726425171
152554,0.84313726425171
152604,0.84313726425171
152654,0.84313726425171
152704,0.84313726425171
152754,0.84313726425171
152804,0.84313726425171
152854,0.84313726425171
152904,0.84313726425171
152954,0.84313726425171
153004,0.84313726425171
153054,0.84313726425171
153104,0.84313726425171
153154,0.84313726425171
153204,0.84313726425171
153254,0.84313726425171
153304,0.84313726425171
153354,0.84313726425171
153404,0.84313726425171
153454,0.84313726425171
153504,0.84313726425171
153554,0.839215695858
153604,0.839215695858
153654,0.839215695858
153704,0.839215695858
153754,0.839215695858
153804,0.839215695858
153854,0.839215695858
153904,0.83529412746429
153954,0.83529412746429
154004,0.83529412746429
154054,0.83529412746429
154104,0.83529412746429
154154,0.83529412746429
154204,0.83137255907059
154254,0.83137255907059
154304,0.83137255907059
154354,0.83137255907059
154404,0.83137255907059
154454,0.83137255907059
154504,0.82745099067688
154554,0.82745099067688
154604,0.82745099067688
154654,0.82745099067688
154704,0.82745099067688
154754,0.82745099067688
154804,0.82352942228317
154854,0.82352942228317
154904,0.82352942228317
154954,0.82352942228317
155004,0.82352942228317
155054,0.81960785388947
155104,0.81960785388947
155154,0.81960785388947
155204,0.81960785388947
155254,0.81960785388947
155304,0.81568628549576
155354,0.81568628549576
155404,0.81568628549576
155454,0.81568628549576
155504,0.81568628549576
155554,0.81176471710205
155604,0.81176471710205
155654,0.81176471710205
155704,0.81176471710205
155754,0.80784314870834
155804,0.80784314870834
155854,0.80784314870834
155904,0.80784314870834
155954,0.80784314870834
156004,0.80784314870834
156054,0.80784314870834
156104,0.80784314870834
156154,0.80784314870834
156204,0.80784314870834
156254,0.80784314870834
156304,0.80784314870834
156354,0.80784314870834
156404,0.80784314870834
156454,0.80784314870834
156504,0.80784314870834
156554,0.80784314870834
156604,0.80784314870834
156654,0.80784314870834
156704,0.80784314870834
156754,0.80784314870834
156804,0.80784314870834
156854,0.80784314870834
156904,0.80784314870834
156954,0.81176471710205
157004,0.81176471710205
157054,0.81176471710205
157104,0.81176471710205
157154,0.81176471710205
157204,0.81176471710205
157254,0.81568628549576
157304,0.81568628549576
157354,0.81568628549576
157404,0.81568628549576
157455,0.81568628549576
157505,0.81960785388947
157555,0.81960785388947
157605,0.81960785388947
157655,0.81960785388947
157705,0.82352942228317
157755,0.82352942228317
157805,0.82352942228317
157855,0.82352942228317
157905,0.82745099067688
157955,0.82745099067688
158005,0.82745099067688
158055,0.83137255907059
158105,0.83137255907059
158155,0.83137255907059
158205,0.83137255907059
158255,0.83137255907059
158305,0.83529412746429
158355,0.83529412746429
158405,0.83529412746429
158455,0.83529412746429
158505,0.83529412746429
158555,0.83529412746429
158605,0.83529412746429
158655,0.83529412746429
158705,0.83529412746429
158755,0.83529412746429
158805,0.83529412746429
158855,0.83529412746429
158905,0.83529412746429
158955,0.83529412746429
159005,0.83529412746429
159055,0.83529412746429
159105,0.83529412746429
159155,0.83529412746429
159205,0.83529412746429
159255,0.83529412746429
159305,0.83529412746429
159355,0.839215695858
159405,0.839215695858
159455,0.839215695858
159505,0.839215695858
159555,0.839215695858
159605,0.839215695858
159655,0.839215695858
159705,0.839215695858
159755,0.84313726425171
159805,0.84313726425171
159855,0.84313726425171
159905,0.84313726425171
159955,0.84313726425171
160005,0.84313726425171
160055,0.84705883264542
160105,0.84705883264542
160155,0.84705883264542
160205,0.84705883264542
160255,0.84705883264542
160305,0.84705883264542
160355,0.84705883264542
160405,0.84705883264542
160455,0.84705883264542
160505,0.84705883264542
160555,0.84705883264542
160605,0.84705883264542
160655,0.84705883264542
160705,0.84705883264542
160755,0.84705883264542
160805,0.84705883264542
160855,0.84705883264542
160905,0.84313726425171
160955,0.84313726425171
161005,0.84313726425171
161055,0.84313726425171
161105,0.839215695858
161155,0.839215695858
161205,0.839215695858
161255,0.839215695858
161305,0.83529412746429
161355,0.83529412746429
161405,0.83529412746429
161455,0.83529412746429
161505,0.83137255907059
161555,0.83137255907059
161605,0.83137255907059
161655,0.83137255907059
161705,0.82745099067688
161755,0.82745099067688
161805,0.82745099067688
161855,0.82745099067688
161905,0.82745099067688
161955,0.82352942228317
162005,0.82352942228317
162055,0.82352942228317
162105,0.82352942228317
162155,0.82352942228317
162205,0.82352942228317
162255,0.82352942228317
162305,0.82352942228317
162355,0.81960785388947
162405,0.81960785388947
162455,0.81960785388947
162505,0.81960785388947
162555,0.81960785388947
162605,0.81960785388947
162655,0.81960785388947
162705,0.81960785388947
162755,0.81568628549576
162805,0.81568628549576
162855,0.81568628549576
162905,0.81568628549576
162955,0.81568628549576
163005,0.81568628549576
163055,0.81568628549576
163105,0.81568628549576
163155,0.81568628549576
163205,0.81568628549576
163255,0.81568628549576
163305,0.81176471710205
163355,0.81176471710205
163405,0.81176471710205
163455,0.81176471710205
163505,0.81176471710205
163555,0.81176471710205
163605,0.81176471710205
163655,0.81176471710205
163705,0.81176471710205
163755,0.81176471710205
163805,0.80784314870834
163855,0.80784314870834
163905,0.80784314870834
163955,0.80784314870834
164005,0.80392158031464
164055,0.80392158031464
164105,0.80392158031464
164155,0.80392158031464
164205,0.80000001192093
164255,0.80000001192093
164305,0.80000001192093
164355,0.80000001192093
164405,0.80000001192093
164455,0.80000001192093
164505,0.79607844352722
164555,0.79607844352722
164605,0.79607844352722
164655,0.79607844352722
164705,0.79607844352722
164755,0.79607844352722
164805,0.79607844352722
164855,0.79607844352722
164905,0.79215687513351
164955,0.79215687513351
165005,0.79215687513351
165055,0.79215687513351
165105,0.79215687513351
165155,0.79215687513351
165205,0.79215687513351
165255,0.79215687513351
165305,0.79215687513351
165355,0.79215687513351
165405,0.79215687513351
165455,0.79215687513351
165505,0.79215687513351
165555,0.79215687513351
165605,0.79215687513351
165655,0.79215687513351
165705,0.79215687513351
165755,0.79215687513351
165805,0.79215687513351
165855,0.79215687513351
165905,0.79215687513351
165955,0.79215687513351
166005,0.79215687513351
166055,0.79215687513351
166105,0.79215687513351
166155,0.79215687513351
166205,0.79215687513351
166255,0.79607844352722
166305,0.79607844352722
166355,0.79607844352722
166405,0.79607844352722
166455,0.79607844352722
166505,0.79607844352722
166555,0.79607844352722
166605,0.79607844352722
166655,0.80000001192093
166705,0.80000001192093
166755,0.80000001192093
166805,0.80000001192093
166855,0.80000001192093
166905,0.80000001192093
166955,0.80392158031464
167005,0.80392158031464
167055,0.80392158031464
167105,0.80392158031464
167155,0.80784314870834
167205,0.80784314870834
167255,0.80784314870834
167305,0.80784314870834
167355,0.81176471710205
167405,0.81176471710205
167455,0.81176471710205
167505,0.81176471710205
167555,0.81176471710205
167605,0.81568628549576
167655,0.81568628549576
167705,0.81568628549576
167755,0.81568628549576
167805,0.81960785388947
167855,0.81960785388947
167905,0.81960785388947
167955,0.81960785388947
168005,0.82352942228317
168055,0.82352942228317
168105,0.82352942228317
168155,0.82352942228317
168205,0.82745099067688
168255,0.82745099067688
168305,0.82745099067688
168355,0.83137255907059
168405,0.83137255907059
168455,0.83137255907059
168505,0.83137255907059
168555,0.83529412746429
168605,0.83529412746429
168655,0.83529412746429
168705,0.83529412746429
168755,0.839215695858
168805,0.839215695858
168855,0.839215695858
168905,0.839215695858
168955,0.84313726425171
169005,0.84313726425171
169055,0.84313726425171
169105,0.84313726425171
169155,0.84313726425171
169205,0.84313726425171
169255,0.84313726425171
169305,0.84313726425171
169355,0.84313726425171
169405,0.84313726425171
169455,0.84313726425171
169505,0.84313726425171
169555,0.839215695858
169605,0.839215695858
169655,0.839215695858
169705,0.839215695858
169755,0.839215695858
169805,0.83529412746429
169855,0.83529412746429
169905,0.83529412746429
169955,0.83529412746429
170005,0.83529412746429
170055,0.83137255907059
170105,0.83137255907059
170155,0.83137255907059
170205,0.83137255907059
170255,0.82745099067688
170305,0.82745099067688
170355,0.82745099067688
170405,0.82745099067688
170455,0.82352942228317
170505,0.82352942228317
170555,0.82352942228317
170605,0.82352942228317
170655,0.82352942228317
170705,0.82352942228317
170755,0.81960785388947
170805,0.81960785388947
170855,0.81960785388947
170905,0.81960785388947
170955,0.81960785388947
171005,0.81568628549576
171055,0.81568628549576
171105,0.81568628549576
171155,0.81568628549576
171205,0.81568628549576
171255,0.81176471710205
171305,0.81176471710205
171355,0.81176471710205
171405,0.81176471710205
171455,0.81176471710205
171505,0.80784314870834
171555,0.80784314870834
171605,0.80784314870834
171655,0.80784314870834
171705,0.80784314870834
171755,0.80784314870834
171805,0.80392158031464
171855,0.80392158031464
171905,0.80392158031464
171955,0.80392158031464
172005,0.80392158031464
172055,0.80392158031464
172105,0.80392158031464
172155,0.80000001192093
172205,0.80000001192093
172255,0.80000001192093
172305,0.80000001192093
172355,0.80000001192093
172405,0.80000001192093
172455,0.80000001192093
172505,0.80000001192093
172555,0.80000001192093
172605,0.80000001192093
172655,0.80000001192093
172705,0.80000001192093
172755,0.80000001192093
172805,0.80000001192093
172855,0.79607844352722
172905,0.79607844352722
172955,0.79607844352722
173005,0.79607844352722
173055,0.79607844352722
173105,0.79607844352722
173155,0.79607844352722
173205,0.79607844352722
173255,0.79607844352722
173305,0.79607844352722
173355,0.79607844352722
173405,0.79607844352722
173455,0.79607844352722
173505,0.79607844352722
173555,0.79607844352722
173605,0.79607844352722
173655,0.79607844352722
173705,0.79607844352722
173755,0.79607844352722
173805,0.79607844352722
173856,0.79607844352722
173906,0.79607844352722
173956,0.80000001192093
174006,0.80000001192093
174056,0.80000001192093
174106,0.80000001192093
174156,0.80000001192093
174206,0.80000001192093
174256,0.79607844352722
174306,0.79607844352722
174356,0.79607844352722
174406,0.79607844352722
174456,0.79607844352722
174506,0.79215687513351
174556,0.79215687513351
174606,0.79215687513351
174656,0.79215687513351
174706,0.79215687513351
174756,0.78823530673981
174806,0.78823530673981
174856,0.78823530673981
174906,0.78823530673981
174956,0.78823530673981
175006,0.7843137383461
175056,0.7843137383461
175106,0.7843137383461
175156,0.7843137383461
175206,0.7843137383461
175256,0.7843137383461
175306,0.78039216995239
175356,0.78039216995239
175406,0.78039216995239
175456,0.78039216995239
175506,0.78039216995239
175556,0.78039216995239
175606,0.78039216995239
175656,0.77647060155869
175706,0.77647060155869
175756,0.77647060155869
175806,0.77647060155869
175856,0.77647060155869
175906,0.77647060155869
175956,0.77647060155869
176006,0.77647060155869
176056,0.77647060155869
176106,0.77647060155869
176156,0.77254903316498
176206,0.77254903316498
176256,0.77254903316498
176306,0.77254903316498
176356,0.77254903316498
176406,0.77254903316498
176456,0.77254903316498
176506,0.77254903316498
176556,0.77254903316498
176606,0.77254903316498
176656,0.77254903316498
176706,0.77254903316498
176756,0.77254903316498
176806,0.77254903316498
176856,0.77254903316498
176906,0.77254903316498
176956,0.77254903316498
177006,0.77254903316498
177056,0.77254903316498
177106,0.77254903316498
177156,0.77254903316498
177206,0.77254903316498
177256,0.77254903316498
177306,0.77254903316498
177356,0.77254903316498
177406,0.77254903316498
177456,0.77254903316498
177506,0.77254903316498
177556,0.77254903316498
177606,0.77254903316498
177656,0.77254903316498
177706,0.77254903316498
177756,0.77254903316498
177806,0.77254903316498
177856,0.77254903316498
177906,0.77254903316498
177956,0.77254903316498
178006,0.77254903316498
178056,0.77254903316498
178106,0.77254903316498
178156,0.77254903316498
178206,0.77254903316498
178256,0.77647060155869
178306,0.77647060155869
178356,0.77647060155869
178406,0.77647060155869
178456,0.77647060155869
178506,0.77647060155869
178556,0.77647060155869
178606,0.77647060155869
178656,0.77647060155869
178706,0.77647060155869
178756,0.78039216995239
178806,0.78039216995239
178856,0.78039216995239
178906,0.78039216995239
178956,0.78039216995239
179006,0.7843137383461
179056,0.7843137383461
179106,0.7843137383461
179156,0.7843137383461
179206,0.78823530673981
179256,0.78823530673981
179306,0.78823530673981
179356,0.79215687513351
179406,0.79215687513351
179456,0.79215687513351
179506,0.79215687513351
179556,0.79607844352722
179606,0.79607844352722
179656,0.79607844352722
179706,0.79607844352722
179756,0.80000001192093
179806,0.80000001192093
179856,0.80000001192093
179906,0.80392158031464
179956,0.80392158031464
180006,0.80392158031464
180056,0.80784314870834
180106,0.80784314870834
180156,0.80784314870834
180206,0.80784314870834
180256,0.81176471710205
180306,0.81176471710205
180356,0.81176471710205
180406,0.81176471710205
180456,0.81568628549576
180506,0.81568628549576
180556,0.81568628549576
180606,0.81960785388947
180656,0.81960785388947
180706,0.81960785388947
180756,0.82352942228317
180806,0.82352942228317
180856,0.82352942228317
180906,0.82352942228317
180956,0.82745099067688
181006,0.82745099067688
181056,0.83137255907059
181106,0.83137255907059
181156,0.83137255907059
181206,0.83529412746429
181256,0.83529412746429
181306,0.83529412746429
181356,0.839215695858
181406,0.839215695858
181456,0.84313726425171
181506,0.84313726425171
181556,0.84313726425171
181606,0.84705883264542
181656,0.84705883264542
181706,0.85098040103912
181756,0.85098040103912
181806,0.85098040103912
181856,0.85098040103912
181906,0.85098040103912
181956,0.85098040103912
182006,0.84705883264542
182056,0.84705883264542
182106,0.84313726425171
182156,0.84313726425171
182206,0.84313726425171
182256,0.839215695858
182306,0.839215695858
182356,0.839215695858
182406,0.83529412746429
182456,0.83529412746429
182506,0.83529412746429
182556,0.83137255907059
182606,0.83137255907059
182656,0.83137255907059
182706,0.82745099067688
182756,0.82745099067688
182806,0.82745099067688
182856,0.82352942228317
182906,0.82352942228317
182956,0.82352942228317
183006,0.82352942228317
183056,0.81960785388947
183106,0.81960785388947
183156,0.81960785388947
183206,0.81960785388947
183256,0.81568628549576
183306,0.81568628549576
183356,0.81568628549576
183406,0.81568628549576
183456,0.81568628549576
183506,0.81176471710205
183556,0.81176471710205
183606,0.81176471710205
183656,0.81176471710205
183706,0.81176471710205
183756,0.81176471710205
183806,0.80784314870834
183856,0.80784314870834
183906,0.80784314870834
183956,0.80784314870834
184006,0.80784314870834
184056,0.80784314870834
184106,0.80784314870834
184156,0.80784314870834
184206,0.80784314870834
184256,0.80784314870834
184306,0.80784314870834
184356,0.80784314870834
184406,0.80784314870834
184456,0.80784314870834
184506,0.80784314870834
184556,0.80784314870834
184606,0.80784314870834
184656,0.80784314870834
184706,0.80784314870834
184756,0.80784314870834
184806,0.80784314870834
184856,0.80784314870834
184906,0.80784314870834
184956,0.80784314870834
185006,0.80784314870834
185056,0.80784314870834
185106,0.80784314870834
185156,0.80784314870834
185206,0.80784314870834
185256,0.80784314870834
185306,0.80784314870834
185356,0.80784314870834
185406,0.80784314870834
185456,0.80784314870834
185506,0.80784314870834
185556,0.81176471710205
185606,0.81176471710205
185656,0.81176471710205
185706,0.81176471710205
185756,0.80784314870834
185806,0.80784314870834
185856,0.80784314870834
185906,0.80784314870834
185956,0.80392158031464
186006,0.80392158031464
186056,0.80392158031464
186106,0.80392158031464
186156,0.80392158031464
186206,0.80000001192093
186256,0.80000001192093
186306,0.80000001192093
186356,0.80000001192093
186406,0.80000001192093
186456,0.80000001192093
186506,0.79607844352722
186556,0.79607844352722
186606,0.79607844352722
186656,0.79607844352722
186706,0.79607844352722
186756,0.79607844352722
186806,0.79607844352722
186856,0.79607844352722
186906,0.79215687513351
186956,0.79215687513351
187006,0.79215687513351
187056,0.79215687513351
187106,0.79215687513351
187156,0.79215687513351
187206,0.79215687513351
187256,0.79215687513351
187306,0.79215687513351
187356,0.79215687513351
187406,0.78823530673981
187456,0.78823530673981
187506,0.78823530673981
187556,0.78823530673981
187606,0.78823530673981
187656,0.78823530673981
187706,0.78823530673981
187756,0.78823530673981
187806,0.78823530673981
187856,0.78823530673981
187906,0.78823530673981
187956,0.7843137383461
188006,0.7843137383461
188056,0.7843137383461
188106,0.7843137383461
188156,0.7843137383461
188206,0.7843137383461
188256,0.7843137383461
188306,0.7843137383461
188356,0.7843137383461
188406,0.7843137383461
188456,0.7843137383461
188506,0.7843137383461
188556,0.7843137383461
188606,0.7843137383461
188656,0.7843137383461
188706,0.7843137383461
188756,0.7843137383461
188806,0.7843137383461
188856,0.7843137383461
188906,0.7843137383461
188956,0.7843137383461
189006,0.7843137383461
189056,0.7843137383461
189106,0.7843137383461
189156,0.7843137383461
189206,0.7843137383461
189256,0.7843137383461
189306,0.7843137383461
189356,0.7843137383461
189406,0.7843137383461
189456,0.7843137383461
189506,0.7843137383461
189556,0.7843137383461
189606,0.7843137383461
189656,0.78823530673981
189706,0.78823530673981
189756,0.78823530673981
189806,0.78823530673981
189856,0.78823530673981
189906,0.78823530673981
189956,0.78823530673981
190006,0.78823530673981
190056,0.78823530673981
190106,0.78823530673981
190156,0.78823530673981
190207,0.78823530673981
190257,0.78823530673981
190307,0.78823530673981
190357,0.78823530673981
190407,0.78823530673981
190457,0.78823530673981
190507,0.78823530673981
190557,0.78823530673981
190607,0.78823530673981
190657,0.78823530673981
190707,0.78823530673981
190757,0.78823530673981
190807,0.78823530673981
190857,0.78823530673981
190907,0.78823530673981
190957,0.78823530673981
191007,0.79215687513351
191057,0.79215687513351
191107,0.79215687513351
191157,0.79215687513351
191207,0.79215687513351
191257,0.79215687513351
191307,0.79215687513351
191357,0.79607844352722
191407,0.79607844352722
191457,0.79607844352722
191507,0.79607844352722
191557,0.79607844352722
191607,0.79607844352722
191657,0.80000001192093
191707,0.80000001192093
191757,0.80000001192093
191807,0.80000001192093
191857,0.80000001192093
191907,0.80000001192093
191957,0.80392158031464
192007,0.80392158031464
192057,0.80392158031464
192107,0.80392158031464
192157,0.80392158031464
192207,0.80784314870834
192257,0.80784314870834
192307,0.80784314870834
192357,0.80784314870834
