GradientMap:,pyramid.png
GradientMap Scale:,10*10
LMap TotalSize:,100
LMap FieldSize:,5
LMap Resolution:,20*20
Mode:,2
Gradient Speed:,0.15000000596046
Explore Speed:,2.5
Target Epsilon:,0.050000000745058
Width Factor:,2
Step Factor:,0.5
CP EpsilonRatio:,0.5
IMU Noise:,0


Time steps,Height
50,0.031372550874949
100,0.031372550874949
150,0.031372550874949
200,0.031372550874949
250,0.031372550874949
300,0.031372550874949
350,0.031372550874949
400,0.031372550874949
450,0.031372550874949
500,0.031372550874949
550,0.031372550874949
600,0.031372550874949
650,0.031372550874949
700,0.031372550874949
750,0.031372550874949
800,0.031372550874949
850,0.031372550874949
900,0.031372550874949
950,0.031372550874949
1000,0.031372550874949
1050,0.031372550874949
1100,0.031372550874949
1149,0.031372550874949
1199,0.031372550874949
1249,0.031372550874949
1299,0.031372550874949
1349,0.031372550874949
1399,0.031372550874949
1449,0.031372550874949
1499,0.031372550874949
1549,0.031372550874949
1599,0.031372550874949
1649,0.031372550874949
1699,0.031372550874949
1749,0.031372550874949
1799,0.031372550874949
1849,0.031372550874949
1899,0.031372550874949
1949,0.031372550874949
1999,0.031372550874949
2049,0.031372550874949
2099,0.031372550874949
2149,0.031372550874949
2199,0.031372550874949
2249,0.031372550874949
2299,0.031372550874949
2349,0.031372550874949
2399,0.031372550874949
2449,0.031372550874949
2499,0.031372550874949
2549,0.031372550874949
2599,0.031372550874949
2649,0.031372550874949
2699,0.031372550874949
2749,0.031372550874949
2799,0.031372550874949
2849,0.035294119268656
2899,0.035294119268656
2949,0.035294119268656
2999,0.035294119268656
3049,0.035294119268656
3099,0.035294119268656
3149,0.035294119268656
3199,0.035294119268656
3249,0.035294119268656
3299,0.039215687662363
3349,0.039215687662363
3399,0.039215687662363
3449,0.039215687662363
3499,0.039215687662363
3549,0.039215687662363
3599,0.039215687662363
3649,0.039215687662363
3699,0.039215687662363
3749,0.04313725605607
3799,0.04313725605607
3849,0.04313725605607
3899,0.04313725605607
3949,0.04313725605607
3999,0.04313725605607
4049,0.04313725605607
4099,0.04313725605607
4149,0.04313725605607
4199,0.04313725605607
4249,0.04313725605607
4299,0.047058824449778
4349,0.047058824449778
4399,0.047058824449778
4449,0.047058824449778
4499,0.047058824449778
4549,0.047058824449778
4599,0.047058824449778
4649,0.047058824449778
4699,0.050980392843485
4750,0.050980392843485
4800,0.050980392843485
4850,0.050980392843485
4900,0.050980392843485
4950,0.050980392843485
5000,0.054901961237192
5050,0.054901961237192
5100,0.054901961237192
5150,0.054901961237192
5200,0.054901961237192
5250,0.054901961237192
5300,0.058823529630899
5350,0.058823529630899
5400,0.058823529630899
5450,0.058823529630899
5500,0.058823529630899
5550,0.058823529630899
5600,0.058823529630899
5650,0.058823529630899
5700,0.062745101749897
5750,0.062745101749897
5800,0.062745101749897
5850,0.062745101749897
5900,0.062745101749897
5950,0.062745101749897
6000,0.062745101749897
6050,0.066666670143604
6100,0.066666670143604
6150,0.066666670143604
6200,0.066666670143604
6250,0.066666670143604
6300,0.066666670143604
6350,0.070588238537312
6400,0.070588238537312
6450,0.070588238537312
6500,0.070588238537312
6550,0.070588238537312
6600,0.070588238537312
6650,0.070588238537312
6700,0.074509806931019
6750,0.074509806931019
6800,0.074509806931019
6850,0.074509806931019
6900,0.074509806931019
6950,0.074509806931019
7000,0.074509806931019
7050,0.074509806931019
7100,0.074509806931019
7150,0.074509806931019
7200,0.078431375324726
7250,0.078431375324726
7300,0.078431375324726
7350,0.078431375324726
7400,0.078431375324726
7450,0.078431375324726
7500,0.078431375324726
7550,0.082352943718433
7600,0.082352943718433
7650,0.082352943718433
7700,0.082352943718433
7750,0.082352943718433
7800,0.082352943718433
7850,0.082352943718433
7900,0.082352943718433
7950,0.082352943718433
8000,0.082352943718433
8050,0.086274512112141
8100,0.086274512112141
8150,0.086274512112141
8200,0.086274512112141
8250,0.086274512112141
8300,0.086274512112141
8350,0.086274512112141
8400,0.086274512112141
8450,0.086274512112141
8500,0.086274512112141
8550,0.086274512112141
8600,0.086274512112141
8650,0.090196080505848
8700,0.090196080505848
8750,0.090196080505848
8800,0.090196080505848
8850,0.090196080505848
8900,0.090196080505848
8950,0.090196080505848
9000,0.090196080505848
9050,0.090196080505848
9100,0.090196080505848
9150,0.090196080505848
9200,0.090196080505848
9250,0.090196080505848
9300,0.090196080505848
9350,0.090196080505848
9400,0.090196080505848
9450,0.090196080505848
9500,0.090196080505848
9550,0.090196080505848
9600,0.090196080505848
9650,0.090196080505848
9700,0.090196080505848
9750,0.090196080505848
9800,0.090196080505848
9850,0.090196080505848
9900,0.090196080505848
9950,0.090196080505848
10000,0.090196080505848
10050,0.090196080505848
10100,0.090196080505848
10150,0.090196080505848
10200,0.090196080505848
10250,0.090196080505848
10300,0.090196080505848
10350,0.090196080505848
10400,0.090196080505848
10450,0.090196080505848
10500,0.090196080505848
10550,0.090196080505848
10600,0.094117648899555
10650,0.094117648899555
10700,0.090196080505848
10750,0.090196080505848
10800,0.094117648899555
10850,0.094117648899555
10900,0.094117648899555
10950,0.094117648899555
11000,0.094117648899555
11050,0.094117648899555
11100,0.094117648899555
11150,0.094117648899555
11200,0.094117648899555
11250,0.094117648899555
11300,0.094117648899555
11350,0.094117648899555
11400,0.094117648899555
11450,0.094117648899555
11500,0.094117648899555
11550,0.094117648899555
11600,0.094117648899555
11650,0.094117648899555
11700,0.094117648899555
11750,0.094117648899555
11800,0.094117648899555
11850,0.094117648899555
11900,0.094117648899555
11950,0.094117648899555
12000,0.094117648899555
12050,0.094117648899555
12100,0.094117648899555
12150,0.094117648899555
12200,0.094117648899555
12250,0.094117648899555
12300,0.094117648899555
12350,0.094117648899555
12400,0.094117648899555
12450,0.094117648899555
12500,0.094117648899555
12550,0.094117648899555
12600,0.094117648899555
12650,0.094117648899555
12700,0.094117648899555
12750,0.090196080505848
12800,0.090196080505848
12850,0.090196080505848
12900,0.090196080505848
12950,0.090196080505848
13000,0.090196080505848
13050,0.090196080505848
13100,0.090196080505848
13150,0.090196080505848
13200,0.090196080505848
13250,0.090196080505848
13300,0.090196080505848
13350,0.086274512112141
13400,0.086274512112141
13450,0.086274512112141
13500,0.086274512112141
13550,0.086274512112141
13600,0.086274512112141
13650,0.086274512112141
13700,0.086274512112141
13750,0.086274512112141
13800,0.086274512112141
13850,0.086274512112141
13900,0.086274512112141
13950,0.086274512112141
14000,0.086274512112141
14050,0.086274512112141
14100,0.086274512112141
14150,0.086274512112141
14200,0.086274512112141
14250,0.086274512112141
14300,0.086274512112141
14350,0.086274512112141
14400,0.086274512112141
14450,0.086274512112141
14500,0.086274512112141
14550,0.086274512112141
14600,0.086274512112141
14650,0.086274512112141
14700,0.086274512112141
14750,0.086274512112141
14800,0.086274512112141
14850,0.086274512112141
14900,0.086274512112141
14950,0.086274512112141
15000,0.086274512112141
15050,0.086274512112141
15100,0.082352943718433
15150,0.082352943718433
15200,0.082352943718433
15250,0.082352943718433
15300,0.082352943718433
15350,0.082352943718433
15400,0.082352943718433
15450,0.082352943718433
15500,0.082352943718433
15550,0.082352943718433
15600,0.082352943718433
15650,0.082352943718433
15700,0.082352943718433
15750,0.082352943718433
15800,0.082352943718433
15850,0.082352943718433
15900,0.078431375324726
15950,0.078431375324726
16000,0.078431375324726
16050,0.078431375324726
16100,0.078431375324726
16150,0.078431375324726
16200,0.078431375324726
16250,0.078431375324726
16300,0.078431375324726
16350,0.078431375324726
16400,0.078431375324726
16450,0.078431375324726
16500,0.078431375324726
16550,0.078431375324726
16600,0.078431375324726
16650,0.078431375324726
16700,0.078431375324726
16750,0.078431375324726
16800,0.078431375324726
16850,0.078431375324726
16900,0.078431375324726
16950,0.078431375324726
17000,0.078431375324726
17050,0.078431375324726
17100,0.078431375324726
17150,0.078431375324726
17200,0.078431375324726
17250,0.078431375324726
17300,0.078431375324726
17350,0.078431375324726
17400,0.078431375324726
17450,0.078431375324726
17500,0.078431375324726
17550,0.078431375324726
17600,0.078431375324726
17650,0.078431375324726
17700,0.078431375324726
17750,0.078431375324726
17800,0.078431375324726
17850,0.078431375324726
17900,0.078431375324726
17950,0.078431375324726
18000,0.078431375324726
18050,0.078431375324726
18100,0.078431375324726
18150,0.078431375324726
18200,0.078431375324726
18250,0.078431375324726
18300,0.078431375324726
18350,0.082352943718433
18400,0.082352943718433
18450,0.082352943718433
18500,0.082352943718433
18550,0.082352943718433
18600,0.082352943718433
18650,0.082352943718433
18700,0.082352943718433
18750,0.082352943718433
18799,0.082352943718433
18849,0.082352943718433
18899,0.082352943718433
18949,0.082352943718433
18999,0.082352943718433
19049,0.082352943718433
19099,0.082352943718433
19149,0.082352943718433
19199,0.082352943718433
19249,0.082352943718433
19299,0.082352943718433
19349,0.082352943718433
19399,0.082352943718433
19449,0.082352943718433
19499,0.082352943718433
19549,0.082352943718433
19599,0.082352943718433
19649,0.082352943718433
19699,0.082352943718433
19749,0.082352943718433
19799,0.082352943718433
19849,0.082352943718433
19899,0.078431375324726
19949,0.078431375324726
19999,0.078431375324726
20049,0.078431375324726
20099,0.078431375324726
20149,0.078431375324726
20199,0.078431375324726
20249,0.078431375324726
20299,0.078431375324726
20349,0.078431375324726
20399,0.078431375324726
20449,0.078431375324726
20499,0.074509806931019
20549,0.074509806931019
20599,0.074509806931019
20649,0.074509806931019
20699,0.074509806931019
20749,0.074509806931019
20799,0.074509806931019
20849,0.074509806931019
20899,0.074509806931019
20949,0.070588238537312
20999,0.070588238537312
21049,0.070588238537312
21099,0.070588238537312
21149,0.070588238537312
21199,0.070588238537312
21249,0.066666670143604
21299,0.066666670143604
21349,0.066666670143604
21399,0.066666670143604
21449,0.066666670143604
21499,0.062745101749897
21549,0.062745101749897
21599,0.062745101749897
21649,0.062745101749897
21699,0.062745101749897
21749,0.062745101749897
21799,0.058823529630899
21849,0.058823529630899
21899,0.058823529630899
21949,0.058823529630899
21999,0.058823529630899
22049,0.054901961237192
22099,0.054901961237192
22149,0.054901961237192
22199,0.054901961237192
22249,0.054901961237192
22299,0.050980392843485
22349,0.050980392843485
22399,0.050980392843485
22449,0.050980392843485
22499,0.050980392843485
22549,0.050980392843485
22599,0.050980392843485
22649,0.047058824449778
22699,0.047058824449778
22749,0.047058824449778
22799,0.047058824449778
22849,0.047058824449778
22899,0.047058824449778
22949,0.047058824449778
22999,0.047058824449778
23049,0.047058824449778
23099,0.047058824449778
23149,0.047058824449778
23199,0.047058824449778
23249,0.04313725605607
23299,0.04313725605607
23349,0.04313725605607
23399,0.04313725605607
23449,0.04313725605607
23499,0.04313725605607
23549,0.04313725605607
23599,0.04313725605607
23649,0.04313725605607
23699,0.04313725605607
23749,0.04313725605607
23799,0.04313725605607
23849,0.04313725605607
23899,0.04313725605607
23949,0.04313725605607
23999,0.04313725605607
24049,0.04313725605607
24099,0.039215687662363
24149,0.039215687662363
24199,0.039215687662363
24249,0.039215687662363
24299,0.039215687662363
24349,0.039215687662363
24399,0.039215687662363
24449,0.039215687662363
24499,0.039215687662363
24549,0.039215687662363
24599,0.039215687662363
24649,0.039215687662363
24699,0.039215687662363
24749,0.039215687662363
24799,0.039215687662363
24849,0.035294119268656
24899,0.035294119268656
24949,0.035294119268656
24999,0.035294119268656
25049,0.035294119268656
25099,0.035294119268656
25149,0.035294119268656
25199,0.035294119268656
25249,0.035294119268656
25299,0.035294119268656
25349,0.031372550874949
25399,0.031372550874949
25449,0.031372550874949
25499,0.031372550874949
25549,0.031372550874949
25599,0.031372550874949
25649,0.031372550874949
25699,0.031372550874949
25749,0.031372550874949
25799,0.031372550874949
25849,0.031372550874949
25899,0.031372550874949
25949,0.031372550874949
25999,0.031372550874949
26049,0.031372550874949
26099,0.031372550874949
26149,0.031372550874949
26199,0.031372550874949
26249,0.031372550874949
26299,0.031372550874949
26349,0.031372550874949
26399,0.031372550874949
26449,0.031372550874949
26499,0.031372550874949
26549,0.031372550874949
26599,0.031372550874949
26649,0.027450980618596
26699,0.027450980618596
26749,0.027450980618596
26799,0.027450980618596
26849,0.027450980618596
26899,0.027450980618596
26949,0.027450980618596
26999,0.027450980618596
27049,0.027450980618596
27099,0.027450980618596
27149,0.027450980618596
27199,0.023529412224889
27249,0.023529412224889
27299,0.023529412224889
27349,0.023529412224889
27399,0.023529412224889
27449,0.023529412224889
27499,0.023529412224889
27549,0.023529412224889
27599,0.023529412224889
27649,0.019607843831182
27699,0.019607843831182
27749,0.019607843831182
27799,0.019607843831182
27849,0.019607843831182
27899,0.019607843831182
27949,0.019607843831182
27999,0.015686275437474
28049,0.015686275437474
28099,0.015686275437474
28149,0.015686275437474
28199,0.015686275437474
28249,0.015686275437474
28299,0.015686275437474
28349,0.015686275437474
28399,0.011764706112444
28449,0.011764706112444
28499,0.011764706112444
28549,0.011764706112444
28599,0.011764706112444
28649,0.011764706112444
28699,0.011764706112444
28749,0.011764706112444
28799,0.0078431377187371
28849,0.0078431377187371
28899,0.0078431377187371
28949,0.0078431377187371
28999,0.0078431377187371
29049,0.0078431377187371
29099,0.0078431377187371
29149,0.0078431377187371
29199,0.0078431377187371
29249,0.0078431377187371
29299,0.0039215688593686
29349,0.0039215688593686
29399,0.0039215688593686
29449,0.0039215688593686
29499,0.0039215688593686
29549,0.0039215688593686
29599,0.0039215688593686
29649,0.0039215688593686
29699,0.0039215688593686
29749,0.0039215688593686
29799,0
29849,0
29899,0
29949,0
29999,0
30049,0
30099,0
30149,0
30199,0
30249,0
30299,0
30349,0
30399,0
30449,0
30499,0
30549,0
30599,0
30649,0.0039215688593686
30699,0.0039215688593686
30749,0.0039215688593686
30799,0.0039215688593686
30849,0.0039215688593686
30899,0.0039215688593686
30949,0.0039215688593686
30999,0.0039215688593686
31049,0.0039215688593686
31099,0.0039215688593686
31149,0.0039215688593686
31199,0.0039215688593686
31249,0.0039215688593686
31299,0.0039215688593686
31349,0.0039215688593686
31399,0.0039215688593686
31449,0.0078431377187371
31499,0.0078431377187371
31549,0.0078431377187371
31599,0.0078431377187371
31649,0.0078431377187371
31699,0.0078431377187371
31749,0.0078431377187371
31799,0.0078431377187371
31849,0.0078431377187371
31899,0.0078431377187371
31949,0.0078431377187371
31999,0.0078431377187371
32049,0.0078431377187371
32099,0.0078431377187371
32149,0.0078431377187371
32199,0.0078431377187371
32249,0.0078431377187371
32299,0.011764706112444
32349,0.011764706112444
32399,0.011764706112444
32449,0.011764706112444
32499,0.011764706112444
32549,0.011764706112444
32599,0.011764706112444
32649,0.011764706112444
32699,0.011764706112444
32749,0.011764706112444
32799,0.011764706112444
32849,0.011764706112444
32899,0.011764706112444
32949,0.011764706112444
32999,0.015686275437474
33049,0.015686275437474
33099,0.015686275437474
33149,0.015686275437474
33199,0.015686275437474
33249,0.015686275437474
33299,0.015686275437474
33349,0.015686275437474
33399,0.015686275437474
33449,0.015686275437474
33499,0.015686275437474
33549,0.015686275437474
33599,0.015686275437474
33649,0.015686275437474
33699,0.015686275437474
33749,0.019607843831182
33799,0.019607843831182
33849,0.019607843831182
33899,0.019607843831182
33949,0.019607843831182
33999,0.019607843831182
34049,0.019607843831182
34099,0.019607843831182
34149,0.023529412224889
34199,0.023529412224889
34249,0.023529412224889
34299,0.023529412224889
34349,0.023529412224889
34399,0.023529412224889
34449,0.023529412224889
34499,0.023529412224889
34549,0.023529412224889
34599,0.023529412224889
34649,0.023529412224889
34699,0.023529412224889
34749,0.027450980618596
34799,0.027450980618596
34849,0.027450980618596
34899,0.027450980618596
34949,0.027450980618596
34999,0.027450980618596
35049,0.027450980618596
35099,0.027450980618596
35149,0.027450980618596
35199,0.027450980618596
35249,0.031372550874949
35299,0.031372550874949
35349,0.031372550874949
35399,0.031372550874949
35449,0.031372550874949
35499,0.031372550874949
35549,0.031372550874949
35599,0.031372550874949
35649,0.031372550874949
35699,0.031372550874949
35749,0.035294119268656
35799,0.035294119268656
35849,0.035294119268656
35899,0.035294119268656
35949,0.035294119268656
35999,0.035294119268656
36049,0.035294119268656
36099,0.035294119268656
36149,0.039215687662363
36199,0.039215687662363
36249,0.039215687662363
36299,0.039215687662363
36349,0.039215687662363
36399,0.04313725605607
36449,0.04313725605607
36499,0.04313725605607
36549,0.04313725605607
36599,0.04313725605607
36649,0.047058824449778
36699,0.047058824449778
36749,0.047058824449778
36799,0.047058824449778
36849,0.047058824449778
36899,0.050980392843485
36949,0.050980392843485
36999,0.050980392843485
37049,0.050980392843485
37099,0.050980392843485
37149,0.050980392843485
37199,0.050980392843485
37249,0.054901961237192
37299,0.054901961237192
37349,0.054901961237192
37399,0.054901961237192
37449,0.054901961237192
37499,0.054901961237192
37549,0.054901961237192
37599,0.058823529630899
37649,0.058823529630899
37699,0.058823529630899
37749,0.058823529630899
37799,0.058823529630899
37849,0.058823529630899
37899,0.058823529630899
37949,0.058823529630899
37999,0.058823529630899
38049,0.062745101749897
38099,0.062745101749897
38149,0.062745101749897
38199,0.062745101749897
38249,0.062745101749897
38299,0.062745101749897
38349,0.062745101749897
38399,0.062745101749897
38449,0.062745101749897
38499,0.062745101749897
38549,0.062745101749897
38599,0.062745101749897
38649,0.062745101749897
38699,0.062745101749897
38749,0.062745101749897
38799,0.062745101749897
38849,0.062745101749897
38899,0.062745101749897
38949,0.062745101749897
38999,0.062745101749897
39049,0.062745101749897
39099,0.062745101749897
39149,0.062745101749897
39199,0.062745101749897
39249,0.062745101749897
39299,0.062745101749897
39349,0.062745101749897
39399,0.062745101749897
39449,0.062745101749897
39499,0.062745101749897
39549,0.062745101749897
39599,0.062745101749897
39649,0.062745101749897
39699,0.062745101749897
39749,0.062745101749897
39799,0.062745101749897
39849,0.062745101749897
39899,0.062745101749897
39949,0.062745101749897
39999,0.062745101749897
40049,0.062745101749897
40099,0.062745101749897
40149,0.062745101749897
40199,0.062745101749897
40249,0.062745101749897
40299,0.062745101749897
40349,0.062745101749897
40399,0.062745101749897
40449,0.062745101749897
40499,0.066666670143604
40549,0.066666670143604
40599,0.066666670143604
40649,0.066666670143604
40699,0.066666670143604
40749,0.066666670143604
40799,0.066666670143604
40849,0.070588238537312
40899,0.070588238537312
40949,0.070588238537312
40999,0.070588238537312
41049,0.070588238537312
41099,0.070588238537312
41149,0.074509806931019
41199,0.074509806931019
41249,0.074509806931019
41299,0.074509806931019
41349,0.074509806931019
41399,0.074509806931019
41449,0.074509806931019
41499,0.078431375324726
41549,0.078431375324726
41599,0.078431375324726
41649,0.078431375324726
41699,0.078431375324726
41749,0.078431375324726
41799,0.078431375324726
41849,0.082352943718433
41899,0.082352943718433
41949,0.082352943718433
41999,0.082352943718433
42049,0.082352943718433
42099,0.082352943718433
42149,0.082352943718433
42199,0.086274512112141
42249,0.086274512112141
42299,0.086274512112141
42349,0.086274512112141
42399,0.086274512112141
42449,0.086274512112141
42499,0.086274512112141
42549,0.086274512112141
42599,0.086274512112141
42649,0.090196080505848
42699,0.090196080505848
42749,0.090196080505848
42799,0.090196080505848
42849,0.090196080505848
42899,0.090196080505848
42949,0.090196080505848
42999,0.090196080505848
43049,0.090196080505848
43099,0.090196080505848
43149,0.090196080505848
43199,0.090196080505848
43249,0.090196080505848
43299,0.090196080505848
43349,0.090196080505848
43399,0.094117648899555
43449,0.094117648899555
43499,0.094117648899555
43549,0.094117648899555
43599,0.094117648899555
43649,0.094117648899555
43699,0.094117648899555
43749,0.094117648899555
43799,0.094117648899555
43849,0.094117648899555
43899,0.094117648899555
43949,0.094117648899555
43999,0.094117648899555
44049,0.094117648899555
44099,0.094117648899555
44149,0.094117648899555
44199,0.094117648899555
44249,0.094117648899555
44299,0.094117648899555
44349,0.094117648899555
44399,0.094117648899555
44449,0.094117648899555
44499,0.094117648899555
44549,0.094117648899555
44599,0.094117648899555
44649,0.094117648899555
44699,0.094117648899555
44749,0.094117648899555
44799,0.094117648899555
44849,0.094117648899555
44899,0.094117648899555
44949,0.094117648899555
44999,0.094117648899555
45049,0.094117648899555
45099,0.094117648899555
45149,0.094117648899555
45199,0.094117648899555
45249,0.094117648899555
45299,0.094117648899555
45349,0.094117648899555
45399,0.094117648899555
45449,0.094117648899555
45499,0.094117648899555
45549,0.094117648899555
45599,0.094117648899555
45649,0.094117648899555
45699,0.094117648899555
45749,0.094117648899555
45799,0.094117648899555
45849,0.094117648899555
45899,0.094117648899555
45949,0.094117648899555
45999,0.094117648899555
46049,0.094117648899555
46099,0.094117648899555
46149,0.094117648899555
46199,0.098039217293262
46249,0.098039217293262
46299,0.098039217293262
46349,0.098039217293262
46399,0.098039217293262
46449,0.098039217293262
46499,0.098039217293262
46549,0.098039217293262
46599,0.098039217293262
46649,0.098039217293262
46699,0.098039217293262
46749,0.098039217293262
46799,0.098039217293262
46849,0.098039217293262
46899,0.098039217293262
46949,0.098039217293262
46999,0.098039217293262
47049,0.098039217293262
47099,0.098039217293262
47149,0.098039217293262
47199,0.098039217293262
47249,0.098039217293262
47299,0.098039217293262
47349,0.098039217293262
47399,0.098039217293262
47449,0.098039217293262
47499,0.098039217293262
47549,0.098039217293262
47599,0.098039217293262
47649,0.098039217293262
47699,0.098039217293262
47749,0.098039217293262
47799,0.098039217293262
47849,0.098039217293262
47899,0.098039217293262
47949,0.098039217293262
47999,0.098039217293262
48049,0.098039217293262
48099,0.098039217293262
48149,0.098039217293262
48199,0.098039217293262
48249,0.098039217293262
48299,0.098039217293262
48349,0.098039217293262
48399,0.098039217293262
48449,0.10196078568697
48499,0.10196078568697
48549,0.10196078568697
48599,0.10196078568697
48649,0.10196078568697
48699,0.10196078568697
48749,0.10196078568697
48799,0.10196078568697
48849,0.10196078568697
48899,0.10196078568697
48949,0.10196078568697
48999,0.10196078568697
49049,0.10588235408068
49099,0.10588235408068
49149,0.10588235408068
49199,0.10588235408068
49249,0.10588235408068
49299,0.10588235408068
49349,0.10588235408068
49399,0.10588235408068
49449,0.10588235408068
49499,0.10980392247438
49549,0.10980392247438
49599,0.10980392247438
49649,0.10980392247438
49699,0.10980392247438
49749,0.10980392247438
49799,0.10980392247438
49849,0.10980392247438
49899,0.10980392247438
49949,0.10980392247438
49999,0.11372549086809
50049,0.11372549086809
50099,0.11372549086809
50149,0.11372549086809
50199,0.11372549086809
50249,0.11372549086809
50299,0.11372549086809
50349,0.11372549086809
50399,0.11372549086809
50449,0.11372549086809
50499,0.11372549086809
50549,0.11372549086809
50599,0.11372549086809
50649,0.11372549086809
50699,0.11372549086809
50749,0.11372549086809
50799,0.11372549086809
50849,0.11372549086809
50899,0.11372549086809
50949,0.11372549086809
50999,0.11372549086809
51049,0.11372549086809
51099,0.11372549086809
51149,0.11372549086809
51199,0.11372549086809
51249,0.1176470592618
51299,0.1176470592618
51349,0.1176470592618
51399,0.1176470592618
51449,0.1176470592618
51499,0.1176470592618
51549,0.1176470592618
51599,0.1176470592618
51649,0.1176470592618
51699,0.1176470592618
51749,0.1176470592618
51799,0.1176470592618
51849,0.1176470592618
51899,0.1176470592618
51949,0.1176470592618
51999,0.1176470592618
52049,0.1176470592618
52099,0.1176470592618
52149,0.1176470592618
52199,0.12156862765551
52249,0.12156862765551
52299,0.12156862765551
52349,0.12156862765551
52399,0.12156862765551
52449,0.12156862765551
52499,0.12156862765551
52549,0.12156862765551
52599,0.12156862765551
52649,0.12156862765551
52699,0.12156862765551
52749,0.12156862765551
52799,0.12156862765551
52849,0.12156862765551
52899,0.12156862765551
52949,0.12156862765551
52999,0.12156862765551
53049,0.12156862765551
53099,0.12156862765551
53149,0.12156862765551
53199,0.12156862765551
53249,0.12156862765551
53299,0.12156862765551
53349,0.12156862765551
53399,0.12156862765551
53449,0.12156862765551
53499,0.12156862765551
53549,0.12156862765551
53599,0.12156862765551
53649,0.12156862765551
53699,0.12156862765551
53749,0.12156862765551
53799,0.12156862765551
53849,0.12156862765551
53899,0.12156862765551
53949,0.12156862765551
53999,0.12156862765551
54049,0.1176470592618
54099,0.1176470592618
54149,0.1176470592618
54199,0.1176470592618
54249,0.1176470592618
54299,0.1176470592618
54349,0.1176470592618
54399,0.1176470592618
54449,0.1176470592618
54499,0.1176470592618
54549,0.1176470592618
54599,0.1176470592618
54649,0.1176470592618
54699,0.1176470592618
54749,0.1176470592618
54799,0.11372549086809
54849,0.11372549086809
54899,0.11372549086809
54949,0.11372549086809
54999,0.11372549086809
55049,0.11372549086809
55099,0.11372549086809
55149,0.11372549086809
55199,0.11372549086809
55249,0.11372549086809
55299,0.11372549086809
55349,0.11372549086809
55399,0.11372549086809
55449,0.11372549086809
55499,0.10980392247438
55549,0.10980392247438
55599,0.10980392247438
55649,0.10980392247438
55699,0.10980392247438
55749,0.10980392247438
55799,0.10980392247438
55849,0.10980392247438
55899,0.10980392247438
55949,0.10980392247438
55999,0.10980392247438
56049,0.10980392247438
56099,0.10980392247438
56149,0.10980392247438
56199,0.10980392247438
56249,0.10980392247438
56299,0.10980392247438
56349,0.10980392247438
56399,0.10588235408068
56449,0.10588235408068
56499,0.10588235408068
56549,0.10588235408068
56599,0.10588235408068
56649,0.10588235408068
56699,0.10588235408068
56749,0.10588235408068
56799,0.10588235408068
56849,0.10588235408068
56899,0.10588235408068
56949,0.10196078568697
56999,0.10196078568697
57049,0.10196078568697
57099,0.10196078568697
57149,0.10196078568697
57199,0.10196078568697
57249,0.10196078568697
57299,0.10196078568697
57349,0.10196078568697
57399,0.10196078568697
57449,0.10196078568697
57499,0.10196078568697
57549,0.098039217293262
57599,0.098039217293262
57649,0.098039217293262
57699,0.098039217293262
57749,0.098039217293262
57799,0.098039217293262
57849,0.098039217293262
57899,0.098039217293262
57949,0.098039217293262
57999,0.098039217293262
58049,0.098039217293262
58099,0.098039217293262
58149,0.098039217293262
58199,0.098039217293262
58249,0.098039217293262
58299,0.098039217293262
58349,0.098039217293262
58399,0.098039217293262
58449,0.098039217293262
58499,0.098039217293262
58549,0.098039217293262
58599,0.098039217293262
58649,0.098039217293262
58699,0.098039217293262
58749,0.10196078568697
58799,0.10196078568697
58849,0.10196078568697
58899,0.10196078568697
58949,0.10196078568697
58999,0.10196078568697
59049,0.10196078568697
59099,0.10196078568697
59149,0.10588235408068
59199,0.10588235408068
59249,0.10588235408068
59299,0.10588235408068
59349,0.10588235408068
59399,0.10588235408068
59449,0.10588235408068
59499,0.10588235408068
59549,0.10588235408068
59599,0.10980392247438
59649,0.10980392247438
59699,0.10980392247438
59749,0.10980392247438
59799,0.10980392247438
59849,0.10980392247438
59899,0.10980392247438
59949,0.10980392247438
59999,0.10980392247438
60049,0.11372549086809
60099,0.11372549086809
60149,0.11372549086809
60199,0.11372549086809
60249,0.11372549086809
60299,0.11372549086809
60349,0.11372549086809
60399,0.11372549086809
60449,0.11372549086809
60499,0.11372549086809
60549,0.1176470592618
60599,0.1176470592618
60649,0.1176470592618
60699,0.1176470592618
60749,0.1176470592618
60799,0.1176470592618
60849,0.1176470592618
60899,0.1176470592618
60949,0.1176470592618
60999,0.1176470592618
61049,0.1176470592618
61099,0.1176470592618
61149,0.1176470592618
61199,0.1176470592618
61249,0.1176470592618
61299,0.12156862765551
61349,0.12156862765551
61399,0.12156862765551
61449,0.12156862765551
61499,0.12156862765551
61549,0.12156862765551
61599,0.12156862765551
61649,0.12156862765551
61699,0.12156862765551
61749,0.12156862765551
61799,0.12156862765551
61849,0.12156862765551
61899,0.12156862765551
61949,0.12156862765551
61999,0.12156862765551
62049,0.12156862765551
62099,0.12549020349979
62149,0.12549020349979
62199,0.12549020349979
62249,0.12549020349979
62299,0.12549020349979
62349,0.12549020349979
62399,0.12549020349979
62449,0.12549020349979
62499,0.12549020349979
62549,0.12549020349979
62599,0.12549020349979
62649,0.12549020349979
62699,0.12549020349979
62749,0.12549020349979
62799,0.12549020349979
62849,0.1294117718935
62899,0.1294117718935
62949,0.1294117718935
62999,0.1294117718935
63049,0.1294117718935
63099,0.1294117718935
63149,0.1294117718935
63199,0.1294117718935
63249,0.13333334028721
63299,0.13333334028721
63349,0.13333334028721
63399,0.13333334028721
63449,0.13333334028721
63499,0.13333334028721
63549,0.13725490868092
63599,0.13725490868092
63649,0.13725490868092
63699,0.13725490868092
63749,0.13725490868092
63799,0.13725490868092
63849,0.13725490868092
63899,0.13725490868092
63949,0.14117647707462
63999,0.14117647707462
64049,0.14117647707462
64099,0.14117647707462
64149,0.14117647707462
64199,0.14117647707462
64249,0.14117647707462
64299,0.14117647707462
64349,0.14117647707462
64399,0.14117647707462
64449,0.14117647707462
64499,0.14117647707462
64549,0.14117647707462
64599,0.14117647707462
64649,0.14117647707462
64699,0.14117647707462
64749,0.14117647707462
64799,0.14117647707462
64849,0.14117647707462
64899,0.14117647707462
64949,0.14117647707462
64999,0.14117647707462
65049,0.14117647707462
65099,0.14117647707462
65149,0.14117647707462
65199,0.14117647707462
65249,0.13725490868092
65299,0.13725490868092
65349,0.13725490868092
65399,0.13725490868092
65449,0.13725490868092
65499,0.13725490868092
65549,0.13725490868092
65599,0.13725490868092
65649,0.13725490868092
65699,0.13725490868092
65749,0.13725490868092
65799,0.13725490868092
65849,0.13725490868092
65899,0.13725490868092
65949,0.13725490868092
65999,0.13725490868092
66049,0.13725490868092
66099,0.13725490868092
66149,0.13725490868092
66199,0.13725490868092
66249,0.13725490868092
66299,0.13725490868092
66349,0.13725490868092
66399,0.13725490868092
66449,0.13725490868092
66499,0.13725490868092
66549,0.13725490868092
66599,0.13725490868092
66649,0.13725490868092
66699,0.13725490868092
66749,0.13725490868092
66799,0.13725490868092
66849,0.13333334028721
66899,0.13333334028721
66949,0.13333334028721
66999,0.13333334028721
67049,0.13333334028721
67099,0.13333334028721
67149,0.13333334028721
67199,0.13333334028721
67249,0.13333334028721
67299,0.13333334028721
67349,0.13333334028721
67399,0.13333334028721
67449,0.13333334028721
67499,0.13333334028721
67549,0.13333334028721
67599,0.13333334028721
67649,0.13333334028721
67699,0.13333334028721
67749,0.13333334028721
67799,0.13333334028721
67849,0.13333334028721
67899,0.13333334028721
67949,0.13333334028721
67999,0.13333334028721
68049,0.13725490868092
68099,0.13725490868092
68149,0.13725490868092
68199,0.13725490868092
68249,0.13725490868092
68299,0.13725490868092
68349,0.13725490868092
68399,0.13725490868092
68449,0.13725490868092
68499,0.14117647707462
68549,0.14117647707462
68599,0.14117647707462
68649,0.14117647707462
68699,0.14117647707462
68749,0.14117647707462
68799,0.14117647707462
68849,0.14117647707462
68899,0.14117647707462
68949,0.14509804546833
68999,0.14509804546833
69049,0.14509804546833
69099,0.14509804546833
69149,0.14509804546833
69199,0.14509804546833
69249,0.14901961386204
69299,0.14901961386204
69349,0.14901961386204
69399,0.14901961386204
69449,0.15294118225574
69499,0.15294118225574
69549,0.15294118225574
69599,0.15294118225574
69649,0.15294118225574
69699,0.15294118225574
69749,0.15686275064945
69799,0.15686275064945
69849,0.15686275064945
69899,0.15686275064945
69949,0.15686275064945
69999,0.15686275064945
70049,0.15686275064945
70099,0.16078431904316
70149,0.16078431904316
70199,0.16078431904316
70249,0.16078431904316
70299,0.16078431904316
70349,0.16078431904316
70399,0.16078431904316
70449,0.16078431904316
70499,0.16078431904316
70549,0.16078431904316
70599,0.16470588743687
70649,0.16470588743687
70699,0.16470588743687
70749,0.16470588743687
70799,0.16470588743687
70849,0.16470588743687
70899,0.16470588743687
70949,0.16470588743687
70999,0.16470588743687
71049,0.16470588743687
71099,0.16470588743687
71149,0.16470588743687
71199,0.16470588743687
71249,0.16470588743687
71299,0.16470588743687
71349,0.16470588743687
71399,0.16470588743687
71449,0.16470588743687
71499,0.16470588743687
71549,0.16470588743687
71599,0.16470588743687
71649,0.16470588743687
71699,0.16470588743687
71749,0.16078431904316
71799,0.16078431904316
71849,0.16078431904316
71899,0.16078431904316
71949,0.16078431904316
71999,0.16078431904316
72049,0.16078431904316
72099,0.16078431904316
72149,0.16078431904316
72199,0.16078431904316
72249,0.16078431904316
72299,0.16078431904316
72349,0.16078431904316
72399,0.16078431904316
72449,0.16078431904316
72499,0.16078431904316
72549,0.16078431904316
72599,0.16078431904316
72649,0.16078431904316
72699,0.16078431904316
72749,0.16078431904316
72799,0.16078431904316
72849,0.16078431904316
72899,0.16078431904316
72949,0.16078431904316
72999,0.16078431904316
73049,0.16078431904316
73099,0.16078431904316
73149,0.16078431904316
73199,0.16078431904316
73249,0.16078431904316
73299,0.16078431904316
73349,0.15686275064945
73399,0.15686275064945
73449,0.15686275064945
73499,0.15686275064945
73549,0.15686275064945
73599,0.15686275064945
73649,0.15686275064945
73699,0.15686275064945
73749,0.15686275064945
73799,0.15686275064945
73849,0.15686275064945
73899,0.15686275064945
73949,0.15686275064945
73999,0.15686275064945
74049,0.15686275064945
74099,0.15686275064945
74149,0.15686275064945
74199,0.15686275064945
74249,0.15686275064945
74299,0.15686275064945
74349,0.15294118225574
74399,0.15294118225574
74449,0.15294118225574
74499,0.15294118225574
74549,0.15294118225574
74599,0.15294118225574
74649,0.15294118225574
74699,0.15294118225574
74749,0.15294118225574
74799,0.15294118225574
74849,0.15294118225574
74899,0.15294118225574
74949,0.15294118225574
74999,0.15294118225574
75049,0.15294118225574
75099,0.15294118225574
75149,0.15294118225574
75199,0.14901961386204
75249,0.14901961386204
75299,0.14901961386204
75349,0.14901961386204
75400,0.14901961386204
75450,0.14901961386204
75500,0.14901961386204
75550,0.14509804546833
75600,0.14509804546833
75650,0.14509804546833
75700,0.14509804546833
75750,0.14509804546833
75800,0.14509804546833
75850,0.14509804546833
75900,0.14509804546833
75950,0.14509804546833
76000,0.14509804546833
76050,0.14509804546833
76100,0.14509804546833
76150,0.14509804546833
76200,0.14509804546833
76250,0.14509804546833
76300,0.14509804546833
76350,0.14509804546833
76400,0.14509804546833
76450,0.14509804546833
76500,0.14509804546833
76550,0.14509804546833
76600,0.14509804546833
76650,0.14509804546833
76700,0.14509804546833
76750,0.14509804546833
76800,0.14509804546833
76850,0.14509804546833
76900,0.14509804546833
76950,0.14509804546833
77000,0.14509804546833
77050,0.14509804546833
77100,0.14509804546833
77150,0.14509804546833
77200,0.14509804546833
77250,0.14509804546833
77300,0.14509804546833
77350,0.14509804546833
77400,0.14509804546833
77450,0.14509804546833
77500,0.14509804546833
77550,0.14509804546833
77600,0.14509804546833
77650,0.14509804546833
77700,0.14509804546833
77750,0.14509804546833
77800,0.14509804546833
77850,0.14901961386204
77900,0.14901961386204
77950,0.14901961386204
78000,0.14901961386204
78050,0.14901961386204
78100,0.14901961386204
78150,0.14901961386204
78200,0.14901961386204
78250,0.14901961386204
78300,0.14901961386204
78350,0.15294118225574
78400,0.15294118225574
78450,0.15294118225574
78500,0.15294118225574
78550,0.15294118225574
78600,0.15294118225574
78650,0.15294118225574
78700,0.15294118225574
78750,0.15294118225574
78800,0.15294118225574
78850,0.15294118225574
78900,0.15294118225574
78950,0.15294118225574
79000,0.15294118225574
79050,0.15294118225574
79100,0.15294118225574
79150,0.15294118225574
79200,0.15294118225574
79250,0.15294118225574
79300,0.15294118225574
79350,0.15294118225574
79400,0.15294118225574
79450,0.15294118225574
79500,0.15294118225574
79550,0.15294118225574
79600,0.15294118225574
79650,0.15294118225574
79700,0.15294118225574
79750,0.15294118225574
79800,0.15686275064945
79850,0.15686275064945
79900,0.15686275064945
79950,0.15686275064945
80000,0.15686275064945
80050,0.15686275064945
80100,0.16078431904316
80150,0.16078431904316
80200,0.16078431904316
80250,0.16078431904316
80300,0.16078431904316
80350,0.16078431904316
80400,0.16078431904316
80450,0.16078431904316
80500,0.16470588743687
80550,0.16470588743687
80600,0.16470588743687
80650,0.16470588743687
80700,0.16470588743687
80750,0.16470588743687
80800,0.16470588743687
80850,0.16862745583057
80900,0.16862745583057
80950,0.16862745583057
81000,0.16862745583057
81050,0.16862745583057
81100,0.16862745583057
81150,0.16862745583057
81200,0.17254902422428
81250,0.17254902422428
81300,0.17254902422428
81350,0.17254902422428
81400,0.17254902422428
81450,0.17647059261799
81500,0.17647059261799
81550,0.17647059261799
81600,0.17647059261799
81650,0.17647059261799
81700,0.17647059261799
81750,0.17647059261799
81800,0.17647059261799
81850,0.1803921610117
81900,0.1803921610117
81950,0.1803921610117
82000,0.1803921610117
82050,0.1803921610117
82100,0.1803921610117
82150,0.1803921610117
82200,0.1803921610117
82250,0.1803921610117
82300,0.1803921610117
82350,0.1843137294054
82400,0.1843137294054
82450,0.1843137294054
82500,0.1843137294054
82550,0.1843137294054
82600,0.1843137294054
82650,0.1843137294054
82700,0.1843137294054
82750,0.1843137294054
82800,0.1843137294054
82850,0.1843137294054
82900,0.1843137294054
82950,0.1843137294054
83000,0.1843137294054
83050,0.1843137294054
83100,0.1843137294054
83150,0.1843137294054
83200,0.1843137294054
83250,0.1843137294054
83300,0.1843137294054
83350,0.1843137294054
83400,0.1843137294054
83450,0.1843137294054
83500,0.1843137294054
83550,0.1843137294054
83600,0.1843137294054
83650,0.1843137294054
83700,0.1843137294054
83750,0.1843137294054
83800,0.1843137294054
83850,0.1843137294054
83900,0.1843137294054
83950,0.1843137294054
84000,0.1843137294054
84050,0.1843137294054
84100,0.1843137294054
84150,0.1843137294054
84200,0.1843137294054
84250,0.1843137294054
84300,0.18823529779911
84350,0.18823529779911
84400,0.18823529779911
84450,0.18823529779911
84500,0.18823529779911
84550,0.18823529779911
84600,0.18823529779911
84650,0.18823529779911
84700,0.19215686619282
84750,0.19215686619282
84800,0.19215686619282
84850,0.19215686619282
84900,0.19215686619282
84950,0.19215686619282
85000,0.19607843458652
85050,0.19607843458652
85100,0.19607843458652
85150,0.19607843458652
85200,0.19607843458652
85250,0.20000000298023
85300,0.20000000298023
85350,0.20000000298023
85400,0.20000000298023
85450,0.20000000298023
85500,0.20000000298023
85550,0.20392157137394
85600,0.20392157137394
85650,0.20392157137394
85700,0.20392157137394
85750,0.20392157137394
85800,0.20392157137394
85850,0.20392157137394
85900,0.20392157137394
85950,0.20392157137394
86000,0.20784313976765
86050,0.20784313976765
86100,0.20784313976765
86150,0.20784313976765
86200,0.20784313976765
86250,0.20784313976765
86300,0.20784313976765
86350,0.20784313976765
86400,0.20784313976765
86450,0.20784313976765
86500,0.20784313976765
86550,0.21176470816135
86600,0.21176470816135
86650,0.21176470816135
86700,0.21176470816135
86750,0.21176470816135
86800,0.21176470816135
86850,0.21176470816135
86900,0.21568627655506
86950,0.21568627655506
87000,0.21568627655506
87050,0.21568627655506
87100,0.21568627655506
87150,0.21568627655506
87200,0.21568627655506
87250,0.21568627655506
87300,0.21568627655506
87350,0.21568627655506
87400,0.21568627655506
87450,0.21960784494877
87500,0.21960784494877
87550,0.21960784494877
87600,0.21960784494877
87650,0.21960784494877
87700,0.21960784494877
87750,0.21960784494877
87800,0.21960784494877
87850,0.21960784494877
87900,0.21960784494877
87950,0.21960784494877
88000,0.21960784494877
88050,0.21960784494877
88100,0.21960784494877
88150,0.21960784494877
88200,0.21960784494877
88250,0.21960784494877
88300,0.21960784494877
88350,0.21960784494877
88400,0.21960784494877
88450,0.21960784494877
88500,0.21960784494877
88550,0.21960784494877
88600,0.21960784494877
88650,0.21960784494877
88700,0.21960784494877
88750,0.21960784494877
88800,0.21960784494877
88850,0.21960784494877
88900,0.21960784494877
88950,0.21960784494877
89000,0.21960784494877
89050,0.21960784494877
89100,0.21960784494877
89150,0.21568627655506
89200,0.21568627655506
89250,0.21568627655506
89300,0.21568627655506
89350,0.21568627655506
89400,0.21568627655506
89450,0.21568627655506
89500,0.21568627655506
89550,0.21568627655506
89600,0.21568627655506
89650,0.21568627655506
89700,0.21568627655506
89750,0.21568627655506
89800,0.21568627655506
89850,0.21176470816135
89900,0.21176470816135
89950,0.21176470816135
90000,0.21176470816135
90050,0.21176470816135
90100,0.21176470816135
90150,0.21176470816135
90200,0.21176470816135
90250,0.21176470816135
90300,0.21176470816135
90350,0.21176470816135
90400,0.21176470816135
90450,0.21176470816135
90500,0.21176470816135
90550,0.21176470816135
90600,0.21176470816135
90650,0.21176470816135
90700,0.21176470816135
90750,0.21176470816135
90800,0.21176470816135
90850,0.21568627655506
90900,0.21568627655506
90950,0.21568627655506
91000,0.21568627655506
91050,0.21568627655506
91100,0.21568627655506
91150,0.21568627655506
91200,0.21568627655506
91250,0.21568627655506
91300,0.21568627655506
91350,0.21568627655506
91400,0.21568627655506
91450,0.21568627655506
91500,0.21568627655506
91550,0.21568627655506
91600,0.21568627655506
91650,0.21568627655506
91700,0.21568627655506
91750,0.21568627655506
91801,0.21568627655506
91851,0.21568627655506
91901,0.21568627655506
91951,0.21568627655506
92001,0.21960784494877
92051,0.21960784494877
92101,0.21960784494877
92151,0.21960784494877
92201,0.21960784494877
92251,0.21960784494877
92301,0.21960784494877
92351,0.21960784494877
92401,0.21960784494877
92451,0.21960784494877
92501,0.21960784494877
92551,0.21960784494877
92601,0.21960784494877
92651,0.21960784494877
92701,0.21960784494877
92751,0.21960784494877
92801,0.21960784494877
92851,0.21960784494877
92901,0.21960784494877
92951,0.21960784494877
93001,0.21960784494877
93051,0.21960784494877
93101,0.21960784494877
93151,0.21960784494877
93201,0.21960784494877
93251,0.21960784494877
93301,0.21960784494877
93351,0.21960784494877
93401,0.21960784494877
93451,0.21960784494877
93501,0.21960784494877
93551,0.21960784494877
93601,0.22352941334248
93651,0.22352941334248
93701,0.22352941334248
93751,0.22352941334248
93801,0.22352941334248
93851,0.22352941334248
93901,0.22352941334248
93951,0.22352941334248
94001,0.22352941334248
94051,0.22745098173618
94101,0.22745098173618
94151,0.22745098173618
94201,0.22745098173618
94251,0.22745098173618
94301,0.22745098173618
94351,0.22745098173618
94401,0.22745098173618
94451,0.22745098173618
94501,0.22745098173618
94551,0.23137255012989
94601,0.23137255012989
94651,0.23137255012989
94701,0.23137255012989
94751,0.23137255012989
94801,0.23137255012989
94851,0.2352941185236
94901,0.2352941185236
94951,0.2352941185236
95001,0.2352941185236
95051,0.2352941185236
95101,0.2352941185236
95151,0.2352941185236
95201,0.2392156869173
95251,0.2392156869173
95301,0.2392156869173
95351,0.2392156869173
95401,0.2392156869173
95451,0.2392156869173
95501,0.2392156869173
95551,0.24313725531101
95601,0.24313725531101
95651,0.24313725531101
95701,0.24313725531101
95751,0.24313725531101
95801,0.24313725531101
95851,0.24705882370472
95901,0.24705882370472
95951,0.24705882370472
96001,0.24705882370472
96051,0.24705882370472
96101,0.24705882370472
96151,0.25098040699959
96201,0.25098040699959
96251,0.25098040699959
96301,0.25098040699959
96351,0.2549019753933
96401,0.2549019753933
96451,0.2549019753933
96501,0.2549019753933
96551,0.258823543787
96601,0.258823543787
96651,0.258823543787
96701,0.258823543787
96751,0.26274511218071
96801,0.26274511218071
96851,0.26274511218071
96901,0.26274511218071
96951,0.26274511218071
97001,0.26666668057442
97051,0.26666668057442
97101,0.26666668057442
97151,0.26666668057442
97201,0.26666668057442
97251,0.27058824896812
97301,0.27058824896812
97351,0.27058824896812
97401,0.27058824896812
97451,0.27058824896812
97501,0.27450981736183
97551,0.27450981736183
97601,0.27450981736183
97651,0.27450981736183
97701,0.27450981736183
97751,0.27450981736183
97801,0.27450981736183
97851,0.27843138575554
97901,0.27843138575554
97951,0.27843138575554
98001,0.27843138575554
98051,0.27843138575554
98101,0.27843138575554
98151,0.27843138575554
98201,0.27843138575554
98251,0.27843138575554
98301,0.28235295414925
98351,0.28235295414925
98401,0.28235295414925
98451,0.28235295414925
98501,0.28235295414925
98551,0.28235295414925
98601,0.28235295414925
98651,0.28235295414925
98701,0.28235295414925
98751,0.28235295414925
98801,0.28235295414925
98851,0.28235295414925
98901,0.28235295414925
98951,0.28235295414925
99001,0.28235295414925
99051,0.28235295414925
99101,0.28235295414925
99151,0.28235295414925
99201,0.28235295414925
99251,0.28235295414925
99301,0.28235295414925
99351,0.28235295414925
99401,0.28627452254295
99451,0.28627452254295
99501,0.28627452254295
99551,0.28627452254295
99601,0.28627452254295
99651,0.28627452254295
99701,0.28627452254295
99751,0.28627452254295
99801,0.28627452254295
99851,0.28627452254295
99901,0.28627452254295
99951,0.28627452254295
100001,0.28627452254295
100051,0.28627452254295
100101,0.28627452254295
100151,0.28627452254295
100201,0.28627452254295
100251,0.28627452254295
100301,0.28627452254295
100351,0.28627452254295
100401,0.28627452254295
100451,0.28627452254295
100501,0.28627452254295
100551,0.28627452254295
100601,0.28627452254295
100651,0.28627452254295
100701,0.28627452254295
100751,0.28627452254295
100801,0.28627452254295
100851,0.28627452254295
100901,0.28627452254295
100951,0.28627452254295
101001,0.28627452254295
101051,0.28627452254295
101101,0.28627452254295
101151,0.28627452254295
101201,0.28627452254295
101251,0.28627452254295
101301,0.28627452254295
101351,0.28627452254295
101401,0.28627452254295
101451,0.28627452254295
101501,0.28627452254295
101551,0.28627452254295
101601,0.28627452254295
101651,0.28627452254295
101701,0.28627452254295
101751,0.28627452254295
101801,0.28627452254295
101851,0.28627452254295
101901,0.28627452254295
101951,0.28627452254295
102001,0.28627452254295
102051,0.28627452254295
102101,0.29019609093666
102151,0.29019609093666
102201,0.29019609093666
102251,0.29019609093666
102301,0.29019609093666
102351,0.29019609093666
102401,0.29019609093666
102451,0.29019609093666
102501,0.29019609093666
102551,0.29019609093666
102601,0.29019609093666
102651,0.29019609093666
102701,0.29019609093666
102751,0.29019609093666
102801,0.29019609093666
102851,0.29019609093666
102901,0.29019609093666
102951,0.29019609093666
103001,0.29019609093666
103051,0.29019609093666
103101,0.29019609093666
103151,0.29019609093666
103201,0.29019609093666
103251,0.29019609093666
103301,0.29019609093666
103351,0.29019609093666
103401,0.29019609093666
103451,0.29019609093666
103501,0.29019609093666
103551,0.29019609093666
103601,0.29019609093666
103651,0.29019609093666
103701,0.29019609093666
103751,0.29019609093666
103801,0.29019609093666
103851,0.29019609093666
103901,0.29019609093666
103951,0.29019609093666
104001,0.29019609093666
104051,0.29019609093666
104101,0.29019609093666
104151,0.29019609093666
104201,0.29019609093666
104251,0.28627452254295
104301,0.28627452254295
104351,0.29019609093666
104401,0.29019609093666
104451,0.29019609093666
104501,0.29019609093666
104551,0.29019609093666
104601,0.29019609093666
104651,0.29019609093666
104701,0.29019609093666
104751,0.29019609093666
104801,0.29019609093666
104851,0.29019609093666
104901,0.29019609093666
104951,0.29019609093666
105001,0.29019609093666
105051,0.29019609093666
105101,0.29019609093666
105151,0.29019609093666
105201,0.29019609093666
105251,0.29411765933037
105301,0.29411765933037
105351,0.29411765933037
105401,0.29411765933037
105451,0.29411765933037
105501,0.29411765933037
105551,0.29411765933037
105601,0.29411765933037
105651,0.29411765933037
105701,0.29411765933037
105751,0.29411765933037
105801,0.29411765933037
105851,0.29411765933037
105901,0.29411765933037
105951,0.29411765933037
106001,0.29411765933037
106051,0.29411765933037
106101,0.29411765933037
106151,0.29411765933037
106201,0.29411765933037
106251,0.29411765933037
106301,0.29019609093666
106351,0.29019609093666
106401,0.29019609093666
106451,0.29019609093666
106501,0.29019609093666
106551,0.29019609093666
106601,0.29019609093666
106651,0.29019609093666
106701,0.29019609093666
106751,0.29019609093666
106801,0.29019609093666
106851,0.29019609093666
106901,0.29019609093666
106951,0.29019609093666
107001,0.29019609093666
107051,0.29019609093666
107101,0.29019609093666
107151,0.29019609093666
107201,0.29019609093666
107251,0.29019609093666
107301,0.29019609093666
107351,0.29019609093666
107401,0.29411765933037
107451,0.29411765933037
107501,0.29411765933037
107551,0.29411765933037
107601,0.29411765933037
107651,0.29411765933037
107701,0.29411765933037
107751,0.29411765933037
107801,0.29411765933037
107851,0.29411765933037
107901,0.29411765933037
107951,0.29411765933037
108001,0.29411765933037
108051,0.29411765933037
108101,0.29411765933037
108152,0.29411765933037
108202,0.29411765933037
108252,0.29019609093666
108302,0.29019609093666
108352,0.29019609093666
108402,0.29019609093666
108452,0.29019609093666
108502,0.29019609093666
108552,0.29019609093666
108602,0.29019609093666
108652,0.29019609093666
108702,0.29019609093666
108752,0.29019609093666
108802,0.29019609093666
108852,0.29019609093666
108902,0.28627452254295
108952,0.28627452254295
109002,0.28627452254295
109052,0.28627452254295
109102,0.28627452254295
109152,0.28627452254295
109202,0.28627452254295
109252,0.28627452254295
109302,0.28627452254295
109352,0.28627452254295
109402,0.28627452254295
109452,0.28627452254295
109502,0.28627452254295
109552,0.28627452254295
109602,0.28627452254295
109652,0.28627452254295
109702,0.28627452254295
109752,0.28627452254295
109802,0.28627452254295
109852,0.28627452254295
109902,0.28627452254295
109952,0.28627452254295
110002,0.28627452254295
110052,0.28627452254295
110102,0.28627452254295
110152,0.28627452254295
110202,0.28627452254295
110252,0.29019609093666
110302,0.29019609093666
110352,0.29019609093666
110402,0.29019609093666
110452,0.29019609093666
110502,0.29019609093666
110552,0.29019609093666
110602,0.29019609093666
110652,0.29411765933037
110702,0.29411765933037
110752,0.29411765933037
110802,0.29411765933037
110852,0.29411765933037
110902,0.29411765933037
110952,0.29803922772408
111002,0.29803922772408
111052,0.29803922772408
111102,0.29803922772408
111152,0.29803922772408
111202,0.29803922772408
111252,0.29803922772408
111302,0.30196079611778
111352,0.30196079611778
111402,0.30196079611778
111452,0.30196079611778
111502,0.30196079611778
111552,0.30196079611778
111602,0.30196079611778
111652,0.30196079611778
111702,0.30196079611778
111752,0.30588236451149
111802,0.30588236451149
111852,0.30588236451149
111902,0.30588236451149
111952,0.30588236451149
112002,0.30588236451149
112052,0.30588236451149
112102,0.30588236451149
112152,0.30588236451149
112202,0.30588236451149
112252,0.30588236451149
112302,0.30588236451149
112352,0.30588236451149
112402,0.30588236451149
112452,0.30588236451149
112502,0.30588236451149
112552,0.30588236451149
112602,0.30588236451149
112652,0.30588236451149
112702,0.30588236451149
112752,0.3098039329052
112802,0.3098039329052
112852,0.3098039329052
112902,0.3098039329052
112952,0.3098039329052
113002,0.3098039329052
113052,0.3098039329052
113102,0.3098039329052
113152,0.3098039329052
113202,0.3098039329052
113252,0.3098039329052
113302,0.3098039329052
113352,0.3098039329052
113402,0.3098039329052
113452,0.3098039329052
113502,0.3098039329052
113552,0.3098039329052
113602,0.3098039329052
113652,0.3098039329052
113702,0.3098039329052
113752,0.3137255012989
113802,0.3137255012989
113852,0.3137255012989
113902,0.3137255012989
113952,0.3137255012989
114002,0.3137255012989
114052,0.3137255012989
114102,0.3137255012989
114152,0.3137255012989
114202,0.3137255012989
114252,0.3137255012989
114302,0.3137255012989
114352,0.3137255012989
114402,0.3137255012989
114452,0.31764706969261
114502,0.31764706969261
114552,0.31764706969261
114602,0.31764706969261
114652,0.31764706969261
114702,0.31764706969261
114752,0.31764706969261
114802,0.31764706969261
114852,0.31764706969261
114902,0.32156863808632
114952,0.32156863808632
115002,0.32156863808632
115052,0.32156863808632
115102,0.32156863808632
115152,0.32156863808632
115202,0.32156863808632
115252,0.32156863808632
115302,0.32156863808632
115352,0.32549020648003
115402,0.32549020648003
115452,0.32549020648003
115502,0.32549020648003
115552,0.32549020648003
115602,0.32549020648003
115652,0.32549020648003
115702,0.32549020648003
115752,0.32941177487373
115802,0.32941177487373
115852,0.32941177487373
115902,0.32941177487373
115952,0.32941177487373
116002,0.32941177487373
116052,0.32941177487373
116102,0.33333334326744
116152,0.33333334326744
116202,0.33333334326744
116252,0.33333334326744
116302,0.33333334326744
116352,0.33333334326744
116402,0.33333334326744
116452,0.33333334326744
116502,0.33725491166115
116552,0.33725491166115
116602,0.33725491166115
116652,0.33725491166115
116702,0.33725491166115
116752,0.33725491166115
116802,0.33725491166115
116852,0.33725491166115
116902,0.33725491166115
116952,0.33725491166115
117002,0.33725491166115
117052,0.33725491166115
117102,0.33725491166115
117152,0.33725491166115
117202,0.33725491166115
117252,0.33725491166115
117302,0.33725491166115
117352,0.33725491166115
117402,0.33725491166115
117452,0.33725491166115
117502,0.33725491166115
117552,0.33725491166115
117602,0.33725491166115
117652,0.33725491166115
117702,0.33725491166115
117752,0.33725491166115
117802,0.33725491166115
117852,0.33725491166115
117902,0.33333334326744
117952,0.33333334326744
118002,0.33333334326744
118052,0.33333334326744
118102,0.33333334326744
118152,0.33333334326744
118202,0.33333334326744
118252,0.33333334326744
118302,0.33333334326744
118352,0.33333334326744
118402,0.33333334326744
118452,0.33333334326744
118502,0.33333334326744
118552,0.33333334326744
118602,0.33333334326744
118652,0.33333334326744
118702,0.33333334326744
118752,0.33333334326744
118802,0.33333334326744
118852,0.33333334326744
118902,0.33333334326744
118952,0.33333334326744
119002,0.33333334326744
119052,0.33333334326744
119102,0.33333334326744
119152,0.32941177487373
119202,0.32941177487373
119252,0.32941177487373
119302,0.32941177487373
119352,0.32941177487373
119402,0.32941177487373
119452,0.32941177487373
119502,0.32941177487373
119552,0.32941177487373
119602,0.32549020648003
119652,0.32549020648003
119702,0.32549020648003
119752,0.32549020648003
119802,0.32549020648003
119852,0.32549020648003
119902,0.32549020648003
119952,0.32549020648003
120002,0.32549020648003
120052,0.32549020648003
120102,0.32549020648003
120152,0.32549020648003
120202,0.32549020648003
120252,0.32549020648003
120302,0.32549020648003
120352,0.32549020648003
120402,0.32549020648003
120452,0.32549020648003
120502,0.32549020648003
120552,0.32549020648003
120602,0.32549020648003
120652,0.32549020648003
120702,0.32549020648003
120752,0.32549020648003
120802,0.32549020648003
120852,0.32549020648003
120902,0.32549020648003
120952,0.32549020648003
121002,0.32549020648003
121052,0.32549020648003
121102,0.32549020648003
121152,0.32549020648003
121202,0.32549020648003
121252,0.32549020648003
121302,0.32549020648003
121352,0.32549020648003
121402,0.32549020648003
121452,0.32549020648003
121502,0.32549020648003
121552,0.32549020648003
121602,0.32549020648003
121652,0.32549020648003
121702,0.32549020648003
121752,0.32941177487373
121802,0.32941177487373
121852,0.32941177487373
121902,0.32941177487373
121952,0.32941177487373
122002,0.32941177487373
122052,0.32941177487373
122102,0.32941177487373
122152,0.32941177487373
122202,0.32941177487373
122252,0.32941177487373
122302,0.32941177487373
122352,0.32941177487373
122402,0.32941177487373
122452,0.32941177487373
122502,0.32941177487373
122552,0.32941177487373
122602,0.32941177487373
122652,0.32941177487373
122702,0.32941177487373
122752,0.33333334326744
122802,0.33333334326744
122852,0.33333334326744
122902,0.33333334326744
122952,0.33333334326744
123002,0.33333334326744
123052,0.33333334326744
123102,0.33333334326744
123152,0.33333334326744
123202,0.33333334326744
123252,0.33725491166115
123302,0.33725491166115
123352,0.33725491166115
123402,0.33725491166115
123452,0.33725491166115
123502,0.33725491166115
123552,0.33725491166115
123602,0.34117648005486
123652,0.34117648005486
123702,0.34117648005486
123752,0.34117648005486
123802,0.34117648005486
123852,0.34117648005486
123902,0.34509804844856
123952,0.34509804844856
124002,0.34509804844856
124052,0.34509804844856
124102,0.34509804844856
124152,0.34509804844856
124202,0.34509804844856
124252,0.34901961684227
124302,0.34901961684227
124352,0.34901961684227
124402,0.34901961684227
124452,0.34901961684227
124502,0.34901961684227
124553,0.34901961684227
124603,0.34901961684227
124653,0.34901961684227
124703,0.34901961684227
124753,0.34901961684227
124803,0.34901961684227
124853,0.34901961684227
124903,0.34901961684227
124953,0.34901961684227
125003,0.35294118523598
125053,0.35294118523598
125103,0.35294118523598
125153,0.34901961684227
125203,0.34901961684227
125253,0.34901961684227
125303,0.34901961684227
125353,0.34901961684227
125403,0.34901961684227
125453,0.34901961684227
125503,0.34901961684227
125553,0.34901961684227
125603,0.34901961684227
125653,0.34901961684227
125703,0.34901961684227
125753,0.34901961684227
125803,0.34901961684227
125853,0.34901961684227
125903,0.34901961684227
125953,0.35294118523598
126003,0.35294118523598
126053,0.35294118523598
126103,0.35294118523598
126153,0.35294118523598
126203,0.35294118523598
126253,0.35294118523598
126303,0.35294118523598
126353,0.35294118523598
126403,0.35294118523598
126453,0.35294118523598
126503,0.35294118523598
126553,0.35686275362968
126603,0.35686275362968
126653,0.35686275362968
126703,0.35686275362968
126753,0.35686275362968
126803,0.35686275362968
126853,0.35686275362968
126903,0.35686275362968
126953,0.35686275362968
127003,0.35686275362968
127053,0.35686275362968
127103,0.36078432202339
127153,0.36078432202339
127203,0.36078432202339
127253,0.36078432202339
127303,0.36078432202339
127353,0.36078432202339
127403,0.36078432202339
127453,0.36078432202339
127503,0.36078432202339
127553,0.36078432202339
127603,0.36078432202339
127653,0.36078432202339
127703,0.36078432202339
127753,0.36078432202339
127803,0.36078432202339
127853,0.36078432202339
127903,0.36078432202339
127953,0.36078432202339
128003,0.36078432202339
128053,0.36078432202339
128103,0.36078432202339
128153,0.36078432202339
128203,0.3647058904171
128253,0.3647058904171
128303,0.3647058904171
128353,0.3647058904171
128403,0.3647058904171
128453,0.3647058904171
128503,0.3647058904171
128553,0.36078432202339
128603,0.36078432202339
128653,0.36078432202339
128703,0.36078432202339
128753,0.36078432202339
128803,0.36078432202339
128853,0.36078432202339
128903,0.36078432202339
128953,0.36078432202339
129003,0.36078432202339
129053,0.36078432202339
129103,0.36078432202339
129153,0.36078432202339
129203,0.36078432202339
129253,0.36078432202339
129303,0.3647058904171
129353,0.3647058904171
129403,0.3647058904171
129453,0.3647058904171
129503,0.36078432202339
129553,0.36078432202339
129603,0.36078432202339
129653,0.36078432202339
129703,0.36078432202339
129753,0.36078432202339
129803,0.36078432202339
129853,0.36078432202339
129903,0.36078432202339
129953,0.36078432202339
130003,0.36078432202339
130053,0.36078432202339
130103,0.36078432202339
130153,0.36078432202339
130203,0.36078432202339
130253,0.36078432202339
130303,0.36078432202339
130353,0.36078432202339
130403,0.35686275362968
130453,0.35686275362968
130503,0.35686275362968
130553,0.35686275362968
130603,0.35686275362968
130653,0.35686275362968
130703,0.35686275362968
130753,0.35686275362968
130803,0.35294118523598
130853,0.35294118523598
130903,0.35294118523598
130953,0.35294118523598
131003,0.35294118523598
131053,0.35294118523598
131103,0.35294118523598
131153,0.35294118523598
131203,0.35294118523598
131253,0.35294118523598
131303,0.35294118523598
131353,0.35294118523598
131403,0.35294118523598
131453,0.35294118523598
131503,0.35294118523598
131553,0.35294118523598
131603,0.35294118523598
131653,0.34901961684227
131703,0.34901961684227
131753,0.34901961684227
131803,0.34901961684227
131853,0.34901961684227
131903,0.34901961684227
131953,0.34901961684227
132003,0.34901961684227
132053,0.34901961684227
132103,0.34901961684227
132153,0.34901961684227
132203,0.34509804844856
132253,0.34509804844856
132303,0.34509804844856
132353,0.34509804844856
132403,0.34509804844856
132453,0.34509804844856
132503,0.34509804844856
132553,0.34509804844856
132603,0.34509804844856
132653,0.34509804844856
132703,0.34509804844856
132753,0.34509804844856
132803,0.34509804844856
132853,0.34509804844856
132903,0.34509804844856
132953,0.34509804844856
133003,0.34509804844856
133053,0.34509804844856
133103,0.34509804844856
133153,0.34509804844856
133203,0.34509804844856
133253,0.34509804844856
133303,0.34509804844856
133353,0.34509804844856
133403,0.34509804844856
133453,0.34509804844856
133503,0.34509804844856
133553,0.34509804844856
133603,0.34509804844856
133653,0.34509804844856
133703,0.34509804844856
133753,0.34509804844856
133803,0.34509804844856
133853,0.34509804844856
133903,0.34509804844856
133953,0.34509804844856
134003,0.34509804844856
134053,0.34509804844856
134103,0.34509804844856
134153,0.34509804844856
134203,0.34509804844856
134253,0.34509804844856
134303,0.34509804844856
134353,0.34901961684227
134403,0.34901961684227
134453,0.34901961684227
134503,0.34901961684227
134553,0.34901961684227
134603,0.34901961684227
134653,0.34901961684227
134703,0.34901961684227
134753,0.34901961684227
134803,0.34901961684227
134853,0.34901961684227
134903,0.34901961684227
134953,0.34901961684227
135003,0.34901961684227
135053,0.34901961684227
135103,0.34901961684227
135153,0.34901961684227
135203,0.34901961684227
135253,0.34901961684227
135303,0.34509804844856
135353,0.34509804844856
135403,0.34509804844856
135453,0.34509804844856
135503,0.34509804844856
135553,0.34509804844856
135603,0.34509804844856
135653,0.34509804844856
135703,0.34509804844856
135753,0.34509804844856
135803,0.34509804844856
135853,0.34509804844856
135903,0.34509804844856
135953,0.34509804844856
136003,0.34509804844856
136053,0.34509804844856
136103,0.34509804844856
136153,0.34509804844856
136203,0.34509804844856
136253,0.34509804844856
136303,0.34117648005486
136353,0.34117648005486
136403,0.34117648005486
136453,0.34117648005486
136503,0.34117648005486
136553,0.34117648005486
136603,0.34117648005486
136653,0.34117648005486
136703,0.34117648005486
136753,0.34117648005486
136803,0.34117648005486
136853,0.34117648005486
136903,0.33725491166115
136953,0.33725491166115
137003,0.33725491166115
137053,0.33725491166115
137103,0.33725491166115
137153,0.33725491166115
137203,0.33725491166115
137253,0.33725491166115
137303,0.33725491166115
137353,0.33725491166115
137403,0.33725491166115
137453,0.33725491166115
137503,0.33333334326744
137553,0.33333334326744
137603,0.33333334326744
137653,0.33333334326744
137703,0.33333334326744
137753,0.33333334326744
137803,0.33333334326744
137853,0.33333334326744
137903,0.33333334326744
137953,0.33333334326744
138003,0.33333334326744
138053,0.33333334326744
138103,0.33333334326744
138153,0.33333334326744
138203,0.33333334326744
138253,0.32941177487373
138303,0.32941177487373
138353,0.32941177487373
138403,0.32941177487373
138453,0.32941177487373
138503,0.32941177487373
138553,0.32941177487373
138603,0.32941177487373
138653,0.32941177487373
138703,0.32941177487373
138753,0.32941177487373
138803,0.32941177487373
138853,0.32941177487373
138903,0.32941177487373
138953,0.32549020648003
139003,0.32549020648003
139053,0.32549020648003
139103,0.32549020648003
139153,0.32549020648003
139203,0.32549020648003
139253,0.32549020648003
139303,0.32549020648003
139353,0.32549020648003
139403,0.32549020648003
139453,0.32549020648003
139503,0.32549020648003
139553,0.32549020648003
139603,0.32549020648003
139653,0.32549020648003
139703,0.32549020648003
139753,0.32549020648003
139803,0.32549020648003
139853,0.32549020648003
139903,0.32549020648003
139953,0.32549020648003
140003,0.32549020648003
140053,0.32156863808632
140103,0.32156863808632
140153,0.32156863808632
140203,0.32156863808632
140253,0.32156863808632
140303,0.32156863808632
140353,0.32156863808632
140403,0.32156863808632
140453,0.32156863808632
140503,0.32156863808632
140553,0.32156863808632
140603,0.32156863808632
140653,0.32156863808632
140703,0.32156863808632
140753,0.32156863808632
140803,0.32156863808632
140853,0.32156863808632
140903,0.32156863808632
140953,0.32156863808632
141003,0.32156863808632
141054,0.32549020648003
141104,0.32549020648003
141154,0.32549020648003
141204,0.32549020648003
141254,0.32549020648003
141304,0.32549020648003
141354,0.32941177487373
141404,0.32941177487373
141454,0.32941177487373
141504,0.32941177487373
141554,0.32941177487373
141604,0.32941177487373
141654,0.32941177487373
141704,0.33333334326744
141754,0.33333334326744
141804,0.33333334326744
141854,0.33333334326744
141904,0.33333334326744
141954,0.33333334326744
142004,0.33333334326744
142054,0.33725491166115
142104,0.33725491166115
142154,0.33725491166115
142204,0.33725491166115
142254,0.33725491166115
142304,0.33725491166115
142354,0.33725491166115
142404,0.33725491166115
142454,0.33725491166115
142504,0.33725491166115
142554,0.33725491166115
142604,0.33725491166115
142654,0.34117648005486
142704,0.34117648005486
142754,0.34117648005486
142804,0.34117648005486
142854,0.34117648005486
142904,0.34117648005486
142954,0.34117648005486
143004,0.34117648005486
143054,0.34117648005486
143104,0.34117648005486
143154,0.34117648005486
143204,0.34117648005486
143254,0.34117648005486
143304,0.34117648005486
143354,0.34117648005486
143404,0.34509804844856
143454,0.34509804844856
143504,0.34509804844856
143554,0.34509804844856
143604,0.34509804844856
143654,0.34509804844856
143704,0.34509804844856
143754,0.34509804844856
143804,0.34509804844856
143854,0.34509804844856
143904,0.34901961684227
143954,0.34901961684227
144004,0.34901961684227
144054,0.34901961684227
144104,0.34901961684227
144154,0.34901961684227
144204,0.34901961684227
144254,0.34901961684227
144304,0.34901961684227
144354,0.34901961684227
144404,0.34901961684227
144454,0.34901961684227
144504,0.34901961684227
144554,0.34901961684227
144604,0.34901961684227
144654,0.34901961684227
144704,0.34901961684227
144754,0.34901961684227
144804,0.34901961684227
144854,0.34901961684227
144904,0.34901961684227
144954,0.34509804844856
145004,0.34509804844856
145054,0.34509804844856
145104,0.34509804844856
145154,0.34509804844856
145204,0.34509804844856
145254,0.34509804844856
145304,0.34509804844856
145354,0.34117648005486
145404,0.34117648005486
145454,0.34117648005486
145504,0.34117648005486
145554,0.34117648005486
145604,0.34117648005486
145654,0.34117648005486
145704,0.34117648005486
145754,0.34117648005486
145804,0.33725491166115
145854,0.33725491166115
145904,0.33725491166115
145954,0.33725491166115
146004,0.33725491166115
146054,0.33725491166115
146104,0.33725491166115
146154,0.33725491166115
146204,0.33725491166115
146254,0.33333334326744
146304,0.33333334326744
146354,0.33333334326744
146404,0.33333334326744
146454,0.33333334326744
146504,0.33333334326744
146554,0.33333334326744
146604,0.33333334326744
146654,0.32941177487373
146704,0.32941177487373
146754,0.32941177487373
146804,0.32941177487373
146854,0.32941177487373
146904,0.32941177487373
146954,0.32941177487373
147004,0.32549020648003
147054,0.32549020648003
147104,0.32549020648003
147154,0.32549020648003
147204,0.32549020648003
147254,0.32549020648003
147304,0.32549020648003
147354,0.32156863808632
147404,0.32156863808632
147454,0.32156863808632
147504,0.32156863808632
147554,0.32156863808632
147604,0.32156863808632
147654,0.32156863808632
147704,0.32156863808632
147754,0.31764706969261
147804,0.31764706969261
147854,0.31764706969261
147904,0.31764706969261
147954,0.31764706969261
148004,0.31764706969261
148054,0.31764706969261
148104,0.3137255012989
148154,0.3137255012989
148204,0.3137255012989
148254,0.3137255012989
148304,0.3137255012989
148354,0.3137255012989
148404,0.3137255012989
148454,0.3098039329052
148504,0.3098039329052
148554,0.3098039329052
148604,0.3098039329052
148654,0.3098039329052
148704,0.3098039329052
148754,0.3098039329052
148804,0.3098039329052
148854,0.30588236451149
148904,0.30588236451149
148954,0.30588236451149
149004,0.30588236451149
149054,0.30588236451149
149104,0.30588236451149
149154,0.30588236451149
149204,0.30588236451149
149254,0.30588236451149
149304,0.30588236451149
149354,0.30588236451149
149404,0.30588236451149
149454,0.30588236451149
149504,0.30588236451149
149554,0.30588236451149
149604,0.30588236451149
149654,0.30588236451149
149704,0.30588236451149
149754,0.30588236451149
149804,0.30588236451149
149854,0.30196079611778
149904,0.30196079611778
149954,0.30196079611778
150004,0.30196079611778
150054,0.30196079611778
150104,0.30196079611778
150154,0.30196079611778
150204,0.30196079611778
150254,0.30196079611778
150304,0.30196079611778
150354,0.30588236451149
150404,0.30588236451149
150454,0.30588236451149
150504,0.30588236451149
150554,0.30196079611778
150604,0.30196079611778
150654,0.30196079611778
150704,0.30196079611778
150754,0.30588236451149
150804,0.30588236451149
150854,0.30588236451149
150904,0.30588236451149
150954,0.30588236451149
151004,0.30588236451149
151054,0.30588236451149
151104,0.30588236451149
151154,0.30588236451149
151204,0.30588236451149
151254,0.30588236451149
151304,0.30588236451149
151354,0.30588236451149
151404,0.30588236451149
151454,0.30588236451149
151504,0.30588236451149
151554,0.30588236451149
151604,0.30588236451149
151654,0.30588236451149
151704,0.30588236451149
151754,0.30588236451149
151804,0.30588236451149
151854,0.30588236451149
151904,0.30588236451149
151954,0.30588236451149
152004,0.30588236451149
152054,0.30588236451149
152104,0.30588236451149
152154,0.30588236451149
152204,0.30588236451149
152254,0.30588236451149
152304,0.30588236451149
152354,0.30588236451149
152404,0.30196079611778
152454,0.30196079611778
152504,0.30196079611778
152554,0.30196079611778
152604,0.30196079611778
152654,0.30196079611778
152704,0.30196079611778
152754,0.30196079611778
152804,0.30196079611778
152854,0.30196079611778
152904,0.30196079611778
152954,0.30196079611778
153004,0.30196079611778
153054,0.30196079611778
153104,0.30196079611778
153154,0.30196079611778
153204,0.30196079611778
153254,0.30196079611778
153304,0.30196079611778
153354,0.29803922772408
153404,0.29803922772408
153454,0.29803922772408
153504,0.29803922772408
153554,0.29803922772408
153604,0.29803922772408
153654,0.29803922772408
153704,0.29803922772408
153754,0.29803922772408
153804,0.29803922772408
153854,0.29803922772408
153904,0.29803922772408
153954,0.29803922772408
154004,0.29803922772408
154054,0.29411765933037
154104,0.29411765933037
154154,0.29411765933037
154204,0.29411765933037
154254,0.29411765933037
154304,0.29411765933037
154354,0.29411765933037
154404,0.29411765933037
154454,0.29019609093666
154504,0.29019609093666
154554,0.29019609093666
154604,0.29019609093666
154654,0.29019609093666
154704,0.29019609093666
154754,0.29019609093666
154804,0.29019609093666
154854,0.29019609093666
154904,0.28627452254295
154954,0.28627452254295
155004,0.28627452254295
155054,0.28627452254295
155104,0.28627452254295
155154,0.28627452254295
155204,0.28627452254295
155254,0.28627452254295
155304,0.28627452254295
155354,0.28627452254295
155404,0.28627452254295
155454,0.28627452254295
155504,0.28627452254295
155554,0.28627452254295
155604,0.28627452254295
155654,0.28627452254295
155704,0.28627452254295
155754,0.28627452254295
155804,0.28627452254295
155854,0.28627452254295
155904,0.28627452254295
155954,0.28627452254295
156004,0.28627452254295
156054,0.28627452254295
156104,0.28627452254295
156154,0.28627452254295
156204,0.28627452254295
156254,0.28627452254295
156304,0.28627452254295
156354,0.28627452254295
156404,0.28627452254295
156454,0.28627452254295
156504,0.29019609093666
156554,0.29019609093666
156604,0.29019609093666
156654,0.29019609093666
156704,0.29019609093666
156754,0.29019609093666
156804,0.29019609093666
156854,0.29019609093666
156904,0.29019609093666
156954,0.29019609093666
157004,0.29019609093666
157054,0.29019609093666
157104,0.29019609093666
157154,0.29411765933037
157204,0.29411765933037
157254,0.29411765933037
157304,0.29411765933037
157354,0.29411765933037
157404,0.29411765933037
157455,0.29411765933037
157505,0.29411765933037
157555,0.29411765933037
157605,0.29411765933037
157655,0.29411765933037
157705,0.29411765933037
157755,0.29411765933037
157805,0.29803922772408
157855,0.29803922772408
157905,0.29803922772408
157955,0.29803922772408
158005,0.29803922772408
158055,0.29803922772408
158105,0.29803922772408
158155,0.29803922772408
158205,0.29803922772408
158255,0.29803922772408
158305,0.29803922772408
158355,0.29803922772408
158405,0.30196079611778
158455,0.30196079611778
158505,0.30196079611778
158555,0.30196079611778
158605,0.30196079611778
158655,0.30196079611778
158705,0.30196079611778
158755,0.30196079611778
158805,0.30196079611778
158855,0.30196079611778
158905,0.30196079611778
158955,0.30196079611778
159005,0.30196079611778
159055,0.30196079611778
159105,0.30196079611778
159155,0.30588236451149
159205,0.30588236451149
159255,0.30588236451149
159305,0.30588236451149
159355,0.30588236451149
159405,0.30588236451149
159455,0.30588236451149
159505,0.30588236451149
159555,0.3098039329052
159605,0.3098039329052
159655,0.3098039329052
159705,0.3098039329052
159755,0.3098039329052
159805,0.3098039329052
159855,0.3098039329052
159905,0.3098039329052
159955,0.3098039329052
160005,0.3137255012989
160055,0.3137255012989
160105,0.3137255012989
160155,0.3137255012989
160205,0.3137255012989
160255,0.3137255012989
160305,0.3137255012989
160355,0.31764706969261
160405,0.31764706969261
160455,0.31764706969261
160505,0.31764706969261
160555,0.31764706969261
160605,0.31764706969261
160655,0.32156863808632
160705,0.32156863808632
160755,0.32156863808632
160805,0.32156863808632
160855,0.32156863808632
160905,0.32549020648003
160955,0.32549020648003
161005,0.32549020648003
161055,0.32549020648003
161105,0.32549020648003
161155,0.32941177487373
161205,0.32941177487373
161255,0.32941177487373
161305,0.32941177487373
161355,0.32941177487373
161405,0.32941177487373
161455,0.32941177487373
161505,0.32941177487373
161555,0.32941177487373
161605,0.32941177487373
161655,0.33333334326744
161705,0.33333334326744
161755,0.33333334326744
161805,0.33333334326744
161855,0.33333334326744
161905,0.33333334326744
161955,0.33333334326744
162005,0.33333334326744
162055,0.33333334326744
162105,0.33333334326744
162155,0.33333334326744
162205,0.33333334326744
162255,0.33333334326744
162305,0.33333334326744
162355,0.33333334326744
162405,0.33333334326744
162455,0.33333334326744
162505,0.33333334326744
162555,0.33333334326744
162605,0.33333334326744
162655,0.33333334326744
162705,0.33333334326744
162755,0.33333334326744
162805,0.33333334326744
162855,0.33333334326744
162905,0.33333334326744
162955,0.33333334326744
163005,0.33333334326744
163055,0.33333334326744
163105,0.33333334326744
163155,0.33333334326744
163205,0.33333334326744
163255,0.32941177487373
163305,0.32941177487373
163355,0.32941177487373
163405,0.32941177487373
163455,0.32941177487373
163505,0.32941177487373
163555,0.32941177487373
163605,0.32941177487373
163655,0.32941177487373
163705,0.32941177487373
163755,0.32941177487373
163805,0.32941177487373
163855,0.32941177487373
163905,0.32941177487373
163955,0.32941177487373
164005,0.32941177487373
164055,0.32941177487373
164105,0.32941177487373
164155,0.32941177487373
164205,0.32941177487373
164255,0.32941177487373
164305,0.32941177487373
164355,0.33333334326744
164405,0.33333334326744
164455,0.33333334326744
164505,0.33333334326744
164555,0.33333334326744
164605,0.33333334326744
164655,0.33333334326744
164705,0.33333334326744
164755,0.33333334326744
164805,0.33333334326744
164855,0.33333334326744
164905,0.33333334326744
164955,0.33333334326744
165005,0.33333334326744
165055,0.33333334326744
165105,0.33725491166115
165155,0.33725491166115
165205,0.33725491166115
165255,0.33725491166115
165305,0.33725491166115
165355,0.33725491166115
165405,0.33725491166115
165455,0.33725491166115
165505,0.33725491166115
165555,0.33725491166115
165605,0.33725491166115
165655,0.33725491166115
165705,0.33725491166115
165755,0.33725491166115
165805,0.33725491166115
165855,0.33725491166115
165905,0.33725491166115
165955,0.33725491166115
166005,0.33725491166115
166055,0.33725491166115
166105,0.33725491166115
166155,0.33725491166115
166205,0.33725491166115
166255,0.33725491166115
166305,0.33725491166115
166355,0.33725491166115
166405,0.33725491166115
166455,0.33725491166115
166505,0.33725491166115
166555,0.33725491166115
166605,0.33725491166115
166655,0.33725491166115
166705,0.33725491166115
166755,0.33725491166115
166805,0.33725491166115
166855,0.33725491166115
166905,0.33725491166115
166955,0.33725491166115
167005,0.33725491166115
167055,0.33725491166115
167105,0.33725491166115
167155,0.33725491166115
167205,0.33725491166115
167255,0.33725491166115
167305,0.33725491166115
167355,0.33725491166115
167405,0.33725491166115
167455,0.33725491166115
167505,0.33725491166115
167555,0.33725491166115
167605,0.33725491166115
167655,0.33725491166115
167705,0.33725491166115
167755,0.33725491166115
167805,0.33725491166115
167855,0.33725491166115
167905,0.33725491166115
167955,0.33725491166115
168005,0.33725491166115
168055,0.33725491166115
168105,0.33725491166115
168155,0.33725491166115
168205,0.33725491166115
168255,0.33725491166115
168305,0.33725491166115
168355,0.33725491166115
168405,0.33725491166115
168455,0.33725491166115
168505,0.34117648005486
168555,0.34117648005486
168605,0.34117648005486
168655,0.34117648005486
168705,0.34117648005486
168755,0.34117648005486
168805,0.34117648005486
168855,0.34117648005486
168905,0.34117648005486
168955,0.34117648005486
169005,0.34117648005486
169055,0.34117648005486
169105,0.34117648005486
169155,0.34117648005486
169205,0.34117648005486
169255,0.34117648005486
169305,0.34117648005486
169355,0.34117648005486
169405,0.34117648005486
169455,0.34117648005486
169505,0.34509804844856
169555,0.34509804844856
169605,0.34509804844856
169655,0.34509804844856
169705,0.34509804844856
169755,0.34509804844856
169805,0.34509804844856
169855,0.34509804844856
169905,0.34509804844856
169955,0.34509804844856
170005,0.34509804844856
170055,0.34901961684227
170105,0.34901961684227
170155,0.34901961684227
170205,0.34901961684227
170255,0.34901961684227
170305,0.34901961684227
170355,0.34901961684227
170405,0.34901961684227
170455,0.34901961684227
170505,0.35294118523598
170555,0.35294118523598
170605,0.35294118523598
170655,0.35294118523598
170705,0.35294118523598
170755,0.35294118523598
170805,0.35686275362968
170855,0.35686275362968
170905,0.35686275362968
170955,0.35686275362968
171005,0.35686275362968
171055,0.35686275362968
171105,0.35686275362968
171155,0.35686275362968
171205,0.35686275362968
171255,0.35686275362968
171305,0.35686275362968
171355,0.35686275362968
171405,0.35686275362968
171455,0.35686275362968
171505,0.35686275362968
171555,0.35686275362968
171605,0.35686275362968
171655,0.35686275362968
171705,0.35686275362968
171755,0.36078432202339
171805,0.36078432202339
171855,0.36078432202339
171905,0.36078432202339
171955,0.36078432202339
172005,0.36078432202339
172055,0.36078432202339
172105,0.36078432202339
172155,0.36078432202339
172205,0.3647058904171
172255,0.3647058904171
172305,0.3647058904171
172355,0.3647058904171
172405,0.3647058904171
172455,0.3647058904171
172505,0.3647058904171
172555,0.3647058904171
172605,0.3647058904171
172655,0.36862745881081
172705,0.36862745881081
172755,0.36862745881081
172805,0.36862745881081
172855,0.36862745881081
172905,0.36862745881081
172955,0.36862745881081
173005,0.36862745881081
173055,0.36862745881081
173105,0.36862745881081
173155,0.36862745881081
173205,0.36862745881081
173255,0.36862745881081
173305,0.36862745881081
173355,0.36862745881081
173405,0.36862745881081
173455,0.36862745881081
173505,0.36862745881081
173555,0.36862745881081
173605,0.36862745881081
173655,0.36862745881081
173705,0.36862745881081
173755,0.36862745881081
173805,0.36862745881081
173856,0.36862745881081
173906,0.36862745881081
173956,0.36862745881081
174006,0.36862745881081
174056,0.36862745881081
174106,0.36862745881081
174156,0.36862745881081
174206,0.36862745881081
174256,0.36862745881081
174306,0.36862745881081
174356,0.36862745881081
174406,0.36862745881081
174456,0.36862745881081
174506,0.36862745881081
174556,0.3647058904171
174606,0.3647058904171
174656,0.3647058904171
174706,0.3647058904171
174756,0.3647058904171
174806,0.3647058904171
174856,0.3647058904171
174906,0.3647058904171
174956,0.3647058904171
175006,0.3647058904171
175056,0.3647058904171
175106,0.3647058904171
175156,0.3647058904171
175206,0.3647058904171
175256,0.3647058904171
175306,0.3647058904171
175356,0.3647058904171
175406,0.3647058904171
175456,0.3647058904171
175506,0.3647058904171
175556,0.3647058904171
175606,0.3647058904171
175656,0.3647058904171
175706,0.3647058904171
175756,0.3647058904171
175806,0.3647058904171
175856,0.3647058904171
175906,0.3647058904171
175956,0.3647058904171
176006,0.3647058904171
176056,0.3647058904171
176106,0.3647058904171
176156,0.3647058904171
176206,0.3647058904171
176256,0.3647058904171
176306,0.3647058904171
176356,0.36078432202339
176406,0.36078432202339
176456,0.36078432202339
176506,0.36078432202339
176556,0.36078432202339
176606,0.36078432202339
176656,0.36078432202339
176706,0.36078432202339
176756,0.36078432202339
176806,0.36078432202339
176856,0.36078432202339
176906,0.36078432202339
176956,0.36078432202339
177006,0.36078432202339
177056,0.36078432202339
177106,0.36078432202339
177156,0.36078432202339
177206,0.36078432202339
177256,0.36078432202339
177306,0.36078432202339
177356,0.36078432202339
177406,0.36078432202339
177456,0.36078432202339
177506,0.36078432202339
177556,0.36078432202339
177606,0.36078432202339
177656,0.36078432202339
177706,0.36078432202339
177756,0.36078432202339
177806,0.36078432202339
177856,0.36078432202339
177906,0.36078432202339
177956,0.36078432202339
178006,0.36078432202339
178056,0.36078432202339
178106,0.36078432202339
178156,0.36078432202339
178206,0.35686275362968
178256,0.35686275362968
178306,0.35686275362968
178356,0.35686275362968
178406,0.35686275362968
178456,0.35686275362968
178506,0.35686275362968
178556,0.35686275362968
178606,0.35686275362968
178656,0.35686275362968
178706,0.35686275362968
178756,0.35294118523598
178806,0.35294118523598
178856,0.35294118523598
178906,0.35294118523598
178956,0.35294118523598
179006,0.35294118523598
179056,0.35294118523598
179106,0.35294118523598
179156,0.35294118523598
179206,0.35294118523598
179256,0.35294118523598
179306,0.35294118523598
179356,0.35294118523598
179406,0.34901961684227
179456,0.34901961684227
179506,0.34901961684227
179556,0.34901961684227
179606,0.34901961684227
179656,0.34901961684227
179706,0.34901961684227
179756,0.34901961684227
179806,0.34901961684227
179856,0.34901961684227
179906,0.34509804844856
179956,0.34509804844856
180006,0.34509804844856
180056,0.34509804844856
180106,0.34509804844856
180156,0.34509804844856
180206,0.34509804844856
180256,0.34117648005486
180306,0.34117648005486
180356,0.34117648005486
180406,0.34117648005486
180456,0.33725491166115
180506,0.33725491166115
180556,0.33725491166115
180606,0.33725491166115
180656,0.33725491166115
180706,0.33333334326744
180756,0.33333334326744
180806,0.33333334326744
180856,0.33333334326744
180906,0.33333334326744
180956,0.33333334326744
181006,0.32941177487373
181056,0.32941177487373
181106,0.32941177487373
181156,0.32941177487373
181206,0.32941177487373
181256,0.32941177487373
181306,0.32549020648003
181356,0.32549020648003
181406,0.32549020648003
181456,0.32549020648003
181506,0.32549020648003
181556,0.32549020648003
181606,0.32549020648003
181656,0.32549020648003
181706,0.32549020648003
181756,0.32549020648003
181806,0.32549020648003
181856,0.32549020648003
181906,0.32549020648003
181956,0.32549020648003
182006,0.32549020648003
182056,0.32549020648003
182106,0.32549020648003
182156,0.32549020648003
182206,0.32549020648003
182256,0.32549020648003
182306,0.32549020648003
182356,0.32156863808632
182406,0.32156863808632
182456,0.32156863808632
182506,0.32156863808632
182556,0.32156863808632
182606,0.32156863808632
182656,0.32156863808632
182706,0.32156863808632
182756,0.32156863808632
182806,0.32156863808632
182856,0.32156863808632
182906,0.32156863808632
182956,0.32156863808632
183006,0.32156863808632
183056,0.32156863808632
183106,0.32156863808632
183156,0.32156863808632
183206,0.32156863808632
183256,0.32156863808632
183306,0.32156863808632
183356,0.32156863808632
183406,0.32156863808632
183456,0.32156863808632
183506,0.32156863808632
183556,0.32156863808632
183606,0.32156863808632
183656,0.32156863808632
183706,0.31764706969261
183756,0.31764706969261
183806,0.31764706969261
183856,0.31764706969261
183906,0.31764706969261
183956,0.31764706969261
184006,0.31764706969261
184056,0.31764706969261
184106,0.31764706969261
184156,0.31764706969261
184206,0.31764706969261
184256,0.31764706969261
184306,0.31764706969261
184356,0.31764706969261
184406,0.31764706969261
184456,0.31764706969261
184506,0.31764706969261
184556,0.31764706969261
184606,0.31764706969261
184656,0.31764706969261
184706,0.31764706969261
184756,0.31764706969261
184806,0.31764706969261
184856,0.31764706969261
184906,0.31764706969261
184956,0.31764706969261
185006,0.31764706969261
185056,0.31764706969261
185106,0.3137255012989
185156,0.3137255012989
185206,0.3137255012989
185256,0.3137255012989
185306,0.3137255012989
185356,0.3137255012989
185406,0.3137255012989
185456,0.3137255012989
185506,0.3137255012989
185556,0.3137255012989
185606,0.3137255012989
185656,0.3137255012989
185706,0.3137255012989
185756,0.3137255012989
185806,0.3098039329052
185856,0.3098039329052
185906,0.3098039329052
185956,0.3098039329052
186006,0.3098039329052
186056,0.3098039329052
186106,0.3098039329052
186156,0.3098039329052
186206,0.30588236451149
186256,0.30588236451149
186306,0.30588236451149
186356,0.30588236451149
186406,0.30588236451149
186456,0.30588236451149
186506,0.30588236451149
186556,0.30588236451149
186606,0.30196079611778
186656,0.30196079611778
186706,0.30196079611778
186756,0.30196079611778
186806,0.30196079611778
186856,0.30196079611778
186906,0.30196079611778
186956,0.30196079611778
187006,0.30196079611778
187056,0.30196079611778
187106,0.30196079611778
187156,0.30196079611778
187206,0.29803922772408
187256,0.29803922772408
187306,0.29803922772408
187356,0.29803922772408
187406,0.29803922772408
187456,0.29803922772408
187506,0.29803922772408
187556,0.29803922772408
187606,0.29803922772408
187656,0.29803922772408
187706,0.29803922772408
187756,0.29411765933037
187806,0.29411765933037
187856,0.29411765933037
187906,0.29411765933037
187956,0.29411765933037
188006,0.29411765933037
188056,0.29411765933037
188106,0.29411765933037
188156,0.29411765933037
188206,0.29019609093666
188256,0.29019609093666
188306,0.29019609093666
188356,0.29019609093666
188406,0.29019609093666
188456,0.29019609093666
188506,0.29019609093666
188556,0.29019609093666
188606,0.29019609093666
188656,0.29019609093666
188706,0.28627452254295
188756,0.28627452254295
188806,0.28627452254295
188856,0.28627452254295
188906,0.28627452254295
188956,0.28627452254295
189006,0.28627452254295
189056,0.28627452254295
189106,0.28627452254295
189156,0.28627452254295
189206,0.28627452254295
189256,0.28627452254295
189306,0.28627452254295
189356,0.28235295414925
189406,0.28235295414925
189456,0.28235295414925
189506,0.28235295414925
189556,0.28235295414925
189606,0.28235295414925
189656,0.28235295414925
189706,0.28235295414925
189756,0.28235295414925
189806,0.27843138575554
189856,0.27843138575554
189906,0.27843138575554
189956,0.27843138575554
190006,0.27843138575554
190056,0.27843138575554
190106,0.27843138575554
190156,0.27843138575554
